#RA       DEC        B-V    n  V-I    n  B-I    n  U-B    n
338.26488 -60.56158  1.143  0  0.733  0  1.876  0  1.140  0
338.26150 -60.55613  1.514  0  1.037  0  2.552  0  1.416  0
338.23977 -60.55169  0.781  0  0.748  0  1.529  0  0.716  0
338.21208 -60.54528  1.439  0  1.200  0  2.638  0  1.058  0
338.22466 -60.55374  1.445  0  0.823  0  2.268  0  1.746  0
338.22350 -60.54334  0.975  0  0.573  0  1.548  0  0.972  0
338.21795 -60.55234  0.911  0  0.723  0  1.634  0  0.656  0
338.19540 -60.56525  1.802  0  1.298  0  3.099  0  1.399  0
338.23363 -60.53025  0.810  0  0.603  0  1.414  0  0.461  0
338.22786 -60.55921  0.783  0  0.483  0  1.266  0  1.389  0
338.19823 -60.56906  0.813  0  0.753  0  1.567  0  0.339  0
338.23214 -60.53652  1.898  0  1.472  0  3.370  0  1.191 -1
338.22393 -60.56044  0.714  0  0.595  0  1.309  0  0.538  0
338.22825 -60.53763  1.686  0  1.291  0  2.977  0  1.570 -1
338.25789 -60.55456  0.944  0  0.631  0  1.575  0  0.910  0
338.21963 -60.53536  0.739  0  0.457  0  1.197  0  0.334  0
338.21726 -60.56654  0.954  0  0.783  0  1.737  0  0.644  0
338.24257 -60.55879  0.874  0  0.484  0  1.359  0  0.532  0
338.21463 -60.56044  1.023  0  0.865  0  1.888  0  1.104  0
338.23366 -60.57061  0.583  0  0.601  0  1.184  0  0.329  0
338.24761 -60.56104  0.767  0  0.530  0  1.297  0  0.468  0
338.22520 -60.54769  0.764  0  0.565  0  1.330  0  0.369  0
338.21766 -60.56744  0.940  0  0.883  0  1.824  0  0.657  0
338.20954 -60.53426  0.868  0  0.594  0  1.463  0  0.671  0
338.26021 -60.56292  0.457  0  0.678  0  1.135  0  0.297  0
338.23617 -60.55382  1.595  0  2.084  0  3.679  0  0.724 -1
338.20513 -60.54817  0.779  0  0.715  0  1.495  0  0.530  0
338.21062 -60.55720  0.900  0  0.752  0  1.652  0  0.716  0
338.22224 -60.54425  0.731  0  0.931  0  1.663  0  0.807  0
338.22095 -60.55792  0.602  0  1.119  0  1.721  0  0.644  0
338.25735 -60.57041  0.477  0  1.152  0  1.629  0  0.587  0
338.23353 -60.53901  0.587  0  0.497  0  1.084  0  0.261  0
338.20376 -60.56800  0.634  0  1.056  0  1.690  0  0.692  0
338.19974 -60.53794  0.536  0  0.435  0  0.971  0  1.718  0
338.24359 -60.55213  1.446  0  1.047  0  2.493  0  1.609 -1
338.22508 -60.55154  1.301  0  1.052  0  2.353  0  0.675  0
338.21813 -60.55918  0.721  0  0.624  0  1.345  0  0.393  0
338.23772 -60.55640  0.328  0  0.590  0  0.918  0  0.383  0
338.22184 -60.57038  0.636  0  0.385  0  1.020  0  2.034  0
338.23842 -60.55153  0.320  0  0.802  0  1.122  0  0.381  0
338.21733 -60.55664  0.325  0  0.586  0  0.911  0  0.684  0
338.22035 -60.55475  0.919  0  1.252  0  2.171  0  0.058 -1
338.20558 -60.53028  1.467  0  1.033  0  2.500  0  1.463 -1
338.20582 -60.54063  0.457  0  0.204  0  0.661  0  3.133  0
338.23278 -60.55493  0.679  0  0.626  0  1.304  0  0.019  0
338.20368 -60.53780  0.852  0  0.787  0  1.639  0  0.664  0
338.24051 -60.56907  1.762  0  2.275  0  4.037  0  0.017 -1
338.26608 -60.55243  0.419  0  0.954  0  1.374  0  0.033  0
338.24489 -60.55654 -0.109  0 -0.219  0 -0.328  0  0.593  0
338.20625 -60.55310  0.741  0  0.600  0  1.341  0  0.202  0
338.23018 -60.56875  0.735  0  0.379  0  1.114  0  0.324  0
338.24212 -60.56038  0.647  0  0.485  0  1.132  0  1.859  0
338.20152 -60.55527  1.136  0  0.714  0  1.850  0  1.600 -1
338.19862 -60.54788  0.648  0  0.531  0  1.179  0  0.249  0
338.27298 -60.55591  0.534  0  0.821  0  1.355  0  1.138  0
338.19975 -60.54752  1.563  0  1.508  0  3.072  0  0.768 -1
338.25063 -60.55528  0.392  0  0.715  0  1.106  0  0.211  0
338.23066 -60.56527  1.285  0  2.110  0  3.395  0  0.365 -1
338.20233 -60.55388  0.492  0  0.614  0  1.106  0  0.177  0
338.23141 -60.53819  0.643  0  0.495  0  1.138  0  0.091  0
338.26337 -60.55825  0.320  0  0.341  0  0.661  0  2.053  0
338.20102 -60.56530  0.762  0  0.899  0  1.661  0  0.803  0
338.21676 -60.53749  0.412  0  0.841  0  1.252  0  0.223  0
338.21131 -60.55723  0.471  0  0.637  0  1.108  0  0.555  0
338.25204 -60.57158  1.536  0  1.550  0  3.086  0  0.065 -1
338.20930 -60.52940  0.267  0  0.679  0  0.946  0  0.131  0
338.20492 -60.54055  0.493  0  0.178  0  0.671  0  2.385 -1
338.22374 -60.53505  0.801  0  1.293  0  2.093  0  0.338  0
338.21170 -60.52820  0.549  0  0.674  0  1.223  0  0.269  0
338.23008 -60.56949  0.358  0  0.879  0  1.237  0  0.857  0
338.26164 -60.55700  0.314  0  0.500  0  0.814  0  0.896  0
338.24122 -60.56364  0.834  0  0.463  0  1.297  0  0.226  0
338.19605 -60.55444  1.654  0  1.168  0  2.821  0  0.792 -1
338.25644 -60.56964  0.343  0  0.923  0  1.266  0  0.306  0
338.21293 -60.56894  1.062  0  0.580  0  1.643  0  1.117 -1
338.22105 -60.53809  0.374  0  0.788  0  1.162  0  0.238  0
338.23226 -60.55939  0.553  0  0.526  0  1.078  0 -0.082  0
338.21769 -60.53133  0.255  0  0.611  0  0.867  0  1.168  0
338.22122 -60.54418  0.780  0  0.759  0  1.538  0  0.390  0
338.22911 -60.55804  0.900  0  1.613  0  2.513  0  0.292 -1
338.19170 -60.56869  0.264  0  0.512  0  0.777  0  0.187  0
338.20835 -60.56254  0.161  0  0.503  0  0.663  0  0.287  0
338.22123 -60.53519  1.393  0  0.833  0  2.226  0  1.217 -1
338.23263 -60.55839  0.669  0  0.400  0  1.069  0  0.465  0
338.21773 -60.55541  0.537  0  0.133  0  0.670  0  0.318  0
338.26851 -60.56916  0.603  0  0.753  0  1.356  0  0.452  0
338.20452 -60.53498  0.178  0  0.193  0  0.371  0  1.219  0
338.22440 -60.53698  0.231  0  0.215  0  0.446  0  0.781  0
338.22829 -60.54141  0.177  0  0.672  0  0.849  0  0.426  0
338.26776 -60.55884  0.928  0  0.599  0  1.528  0  0.988 -1
338.25884 -60.55971  0.694  0  0.601  0  1.296  0  0.426  0
338.20198 -60.54128  0.262  0  0.721  0  0.983  0  1.070  0
338.23278 -60.56427  1.487  0  1.227  0  2.714  0  0.560 -1
338.23238 -60.53710  0.489  0  0.743  0  1.232  0  0.497  0
338.24935 -60.56819  0.315  0  0.772  0  1.086  0  1.398 -1
338.21522 -60.53683  0.191  0  0.584  0  0.775  0  0.433  0
338.22257 -60.55926  0.468  0  1.012  0  1.481  0  0.808 -1
338.21653 -60.52854  0.777  0  0.547  0  1.323  0 -0.110  0
338.21959 -60.53145  0.219  0  0.795  0  1.014  0  0.346  0
338.25363 -60.56589  0.170  0  0.508  0  0.678  0  0.482  0
338.23790 -60.55802  1.004  0  1.621  0  2.625  0  0.030 -1
338.19909 -60.54893  0.074  0  0.598  0  0.673  0  0.049  0
338.26892 -60.55626  1.422  0  0.947  0  2.369  0  0.793 -1
338.21240 -60.55391  0.592  0  0.477  0  1.070  0  0.345  0
338.25314 -60.56173 -0.034  0  0.236  0  0.202  0  0.423  0
338.21171 -60.53328  0.558  0  0.312  0  0.870  0  0.291  0
338.20350 -60.53434  0.327  0  0.737  0  1.065  0  0.106  0
338.22639 -60.55575  0.506  0  0.498  0  1.004  0  0.180  0
338.20980 -60.53366  0.278  0  0.757  0  1.036  0  0.587  0
338.19784 -60.56225  0.967  0  0.961  0  1.928  0  0.523 -1
338.25362 -60.55712  0.120  0  0.699  0  0.818  0  0.314  0
338.24776 -60.55804  0.191  0  0.638  0  0.829  0  0.450  0
338.22500 -60.56153  0.831  0  1.016  0  1.847  0  0.245  0
338.27044 -60.55852  0.211  0  0.110  0  0.320  0  1.989 -1
338.22512 -60.53277  0.153  0  0.494  0  0.647  0  0.530  0
338.19595 -60.55083  0.317  0  0.585  0  0.902  0  0.621  0
338.21323 -60.54277  1.139  0  0.691  0  1.829  0  1.164 -1
338.22610 -60.55558  0.823  0  0.439  0  1.261  0  0.582  0
338.20597 -60.56216  0.898  0  0.788  0  1.686  0  0.442  0
338.21322 -60.55039  0.168  0  0.568  0  0.736  0  1.220  0
338.27040 -60.56900  0.107  0  0.211  0  0.318  0  0.774  0
338.21527 -60.55167  1.402  0  1.743  0  3.145  0 -0.424 -1
338.20359 -60.53174  0.718  0  0.247  0  0.965  0  0.850 -1
338.19915 -60.53877  0.365  0  0.368  0  0.733  0  1.609 -1
338.22238 -60.53370 -1.339 -1  1.698  0  3.037 -1 99.999  9
338.20416 -60.55261  0.875  0  0.404  0  1.279  0  0.497  0
338.26637 -60.55386  0.349  0  0.193  0  0.542  0  1.684 -1
338.27185 -60.55486  0.522  0  0.313  0  0.835  0  0.785  0
338.24766 -60.56558  0.081  0  0.669  0  0.750  0  0.179  0
338.20162 -60.55905  0.330  0  0.513  0  0.843  0  0.107  0
338.19756 -60.56166  0.395  0  0.601  0  0.996  0  0.213  0
338.21108 -60.55780  0.330  0  0.246  0  0.577  0  2.693 -1
338.21903 -60.52980  0.079  0  0.315  0  0.395  0  0.398  0
338.22569 -60.56920  0.370  0  0.201  0  0.572  0  1.670 -1
338.22264 -60.55338  0.764  0  0.270  0  1.034  0  1.305 -1
338.19280 -60.56828  0.603  0  0.741  0  1.344  0  0.122  0
338.24609 -60.57075  0.164  0  0.597  0  0.761  0  0.926  0
338.21613 -60.55266  0.518  0  0.876  0  1.394  0  0.407 -1
338.20526 -60.52917  0.674  0  0.288  0  0.962  0  1.130 -1
338.21021 -60.55394  0.218  0  0.381  0  0.599  0  0.829  0
338.21917 -60.55419  1.634  0  0.923  0  2.557  0  0.176 -1
338.21681 -60.56183  0.906  0  0.234  0  1.140  0  1.120 -1
338.21618 -60.53502  0.711  0  0.271  0  0.982  0  0.992 -1
338.22293 -60.54224  0.112  0  0.535  0  0.647  0  0.407  0
338.22288 -60.53404  0.481  0  0.510  0  0.991  0  1.276 -1
338.26140 -60.56619  0.247  0  0.308  0  0.555  0  0.460 -1
338.27266 -60.56200  0.314  0  0.329  0  0.643  0  0.873 -1
338.22062 -60.53291  0.351  0  0.554  0  0.905  0  0.393  0
338.24980 -60.55220  0.652  0  0.282  0  0.934  0  0.542  0
338.21903 -60.56604  0.309  0  0.481  0  0.790  0  0.229  0
338.25704 -60.55896  0.332  0  0.477  0  0.810  0  1.852 -1
338.26186 -60.56038  0.318  0  0.734  0  1.052  0  0.685 -1
338.21195 -60.52943  0.133  0  0.435  0  0.568  0  0.652  0
338.21093 -60.55809  0.184  0  0.313  0  0.497  0  2.025 -1
338.21379 -60.56712  0.292  0  0.244  0  0.537  0  0.859  0
338.20549 -60.56197  0.617  0  0.710  0  1.328  0  0.065  0
338.22669 -60.53762  0.124  0  0.205  0  0.329  0  0.927  0
338.22596 -60.56405  0.859  0  0.315  0  1.174  0  0.702 -1
338.22454 -60.56723  0.253  0  0.761  0  1.014  0  0.734  0
338.25557 -60.56847  0.394  0  0.948  0  1.342  0  0.502  0
338.25337 -60.56108  0.183  0  0.225  0  0.408  0  1.547 -1
338.22037 -60.55604  0.471  0  0.260  0  0.732  0  1.405 -1
338.19661 -60.55721  0.359  0  0.526  0  0.885  0  0.330  0
338.21705 -60.53851  0.370  0  0.535  0  0.905  0  1.022 -1
338.25002 -60.55944  1.216  0  1.684  0  2.899  0 -0.589 -1
338.21354 -60.53183  0.181  0  0.492  0  0.673  0  0.386  0
338.25355 -60.55400  0.114  0  0.232  0  0.346  0  1.184  0
338.21550 -60.55407  0.033  0  0.303  0  0.336  0  0.689  0
338.24297 -60.56304  0.061  0  0.440  0  0.502  0  0.357  0
338.26826 -60.55687  0.578  0  0.251  0  0.829  0  1.101 -1
338.23263 -60.54239  0.376  0  0.204  0  0.580  0  1.421 -1
338.22431 -60.54879  0.037  0  0.197  0  0.234  0  0.744  0
338.25756 -60.55879  0.405  0  0.437  0  0.842  0  1.473 -1
338.20155 -60.54387  0.872  0  0.354  0  1.226  0  0.679 -1
338.26752 -60.56854  0.056  0  0.602  0  0.658  0  0.431  0
338.23559 -60.56018  0.543  0  0.310  0  0.852  0  0.838  0
338.21870 -60.54389  0.770  0  0.475  0  1.245  0  0.118  0
338.24663 -60.56598  0.674  0  0.838  0  1.512  0 -0.172 -1
338.22928 -60.55707  0.212  0  0.246  0  0.457  0  1.032  0
338.19898 -60.53520  1.021  0  0.756  0  1.777  0  0.132 -1
338.19504 -60.56637  0.128  0  0.529  0  0.657  0  0.036  0
338.21919 -60.53765  0.652  0  0.707  0  1.359  0  0.616 -1
338.25386 -60.55732 -0.055  0  0.467  0  0.412  0  0.357  0
338.21674 -60.54003  0.976  0  0.428  0  1.404  0  0.323 -1
338.26613 -60.57124  0.014  0  0.633  0  0.647  0  0.324  0
338.20443 -60.54019  0.415  0  0.495  0  0.910  0  0.760  0
338.22683 -60.53030  0.473  0  0.675  0  1.148  0  0.606  0
338.20684 -60.55084  0.107  0  0.045  0  0.152  0  1.647 -1
338.20349 -60.53150  0.683  0  0.242  0  0.925  0  2.500 -1
338.20013 -60.55260  0.247  0  0.446  0  0.693  0  0.950 -1
338.24288 -60.55806  0.242  0  0.388  0  0.631  0  1.109 -1
338.20428 -60.56984  0.248  0  0.716  0  0.964  0  0.275  0
338.21683 -60.53166  0.391  0  0.709  0  1.101  0  0.722  0
338.21884 -60.53593  0.635  0  0.564  0  1.199  0  0.135  0
338.26229 -60.55556  0.219  0  0.592  0  0.811  0  0.906 -1
338.22827 -60.53993  0.418  0  0.846  0  1.264  0  0.324  0
338.20357 -60.53046  0.763  0  0.336  0  1.099  0  0.338 -1
338.20384 -60.54319  0.301  0  0.144  0  0.445  0  1.621 -1
338.26375 -60.57059  0.115  0  0.105  0  0.221  0  1.565 -1
338.23256 -60.55342  0.235  0  0.786  0  1.021  0 -0.926  0
338.22896 -60.56024  1.153  0  1.208  0  2.361  0 -1.502 -1
338.26189 -60.55714  0.314  0  0.500  0  0.814  0  0.896  0
338.20911 -60.53469  0.108  0  0.613  0  0.721  0  0.583  0
338.22717 -60.55680  0.724  0  0.460  0  1.184  0  0.358  0
338.22466 -60.56286  0.616  0  0.287  0  0.903  0  0.287  0
338.21119 -60.53630  0.620  0  0.631  0  1.251  0 -0.284  0
338.21758 -60.54368  0.323  0  0.143  0  0.466  0  1.430 -1
338.24002 -60.55508  0.651  0  0.453  0  1.104  0  0.119  0
338.25441 -60.57066  0.013  0  0.737  0  0.750  0  0.841  0
338.21436 -60.55415  0.342  0  0.138  0  0.480  0  1.170 -1
338.27346 -60.55252 -0.005  0  0.407  0  0.402  0  1.141 -1
338.23892 -60.55724  0.462  0  0.270  0  0.732  0  1.089 -1
338.20363 -60.55957  0.119  0  0.237  0  0.356  0  0.540  0
338.25364 -60.55731  0.120  0  0.699  0  0.818  0  0.314  0
338.21353 -60.54806  0.466  0  0.480  0  0.945  0  0.846 -1
338.22498 -60.55913  0.337  0  0.484  0  0.821  0  0.471  0
338.23675 -60.55878 -1.158 -1  1.524  0  2.681 -1 99.999  9
338.22364 -60.56757  0.165  0  0.224  0  0.389  0  1.081  0
338.19825 -60.55069  0.522  0  0.823  0  1.344  0  0.043  0
338.24498 -60.55918  0.058  0  0.144  0  0.202  0  1.000  0
338.19773 -60.54456  0.044  0  0.465  0  0.509  0  0.167  0
338.26618 -60.56556  0.230  0  0.329  0  0.559  0  1.077 -1
338.22106 -60.54206  0.112  0  0.078  0  0.190  0  1.171  0
338.25812 -60.55349  0.310  0  0.987  0  1.296  0  0.510 -1
338.24531 -60.55189  0.580  0  0.487  0  1.067  0 -0.245  0
338.23239 -60.54779  0.529  0  0.216  0  0.745  0  1.045 -1
338.19608 -60.54955  0.084  0  0.216  0  0.299  0  0.537  0
338.22556 -60.54168  0.541  0  0.188  0  0.728  0  0.885 -1
338.26149 -60.55910  0.963  0  0.595  0  1.557  0  0.035 -1
338.22176 -60.55564  0.559  0  0.207  0  0.766  0  2.820 -1
338.23635 -60.56040  0.652  0  0.411  0  1.063  0  0.734  0
338.26232 -60.56622  0.770  0  0.325  0  1.095  0  0.636 -1
338.20730 -60.55126  0.700  0  0.790  0  1.490  0  0.072 -1
338.19726 -60.55073  0.651  0  0.696  0  1.347  0 -0.315  0
338.24837 -60.55714  0.098  0  0.225  0  0.323  0  1.005 -1
338.22349 -60.56528  0.121  0  0.531  0  0.652  0  0.991  0
338.22391 -60.56409 -0.076  0  0.590  0  0.514  0  0.420  0
338.19300 -60.56779  1.628  0  0.820  0  2.449  0 -1.224 -1
338.22634 -60.56457  0.643  0  0.342  0  0.984  0  0.373 -1
338.20120 -60.56805  0.039  0  0.140  0  0.178  0  0.699  0
338.20507 -60.53488  0.677  0  0.637  0  1.314  0  1.107  0
338.24614 -60.56161  0.519  0  0.433  0  0.953  0  0.727 -1
338.20269 -60.54362  0.034  0  0.129  0  0.163  0  1.272  0
338.25341 -60.56827  0.007  0  0.384  0  0.377  0  0.707  0
338.21053 -60.56593  0.855  0  0.574  0  1.428  0  0.021  0
338.20116 -60.53543  0.028  0  0.769  0  0.797  0 -0.036  0
338.19533 -60.56877  0.117  0  0.159  0  0.275  0  0.582  0
338.23360 -60.53119  0.483  0  0.609  0  1.093  0 -0.315  0
338.19516 -60.54704  0.200  0  0.208  0  0.409  0  1.105 -1
338.20227 -60.56117  0.058  0  0.122  0  0.180  0  0.412  0
338.24905 -60.56955  0.041  0  0.078  0  0.119  0  0.245  0
338.20602 -60.56753  0.330  0  0.323  0  0.652  0  1.079 -1
338.21146 -60.55801  0.452 -1  0.404  0  0.856 -1 99.999  9
338.22280 -60.55267  0.619  0  0.224  0  0.843  0  0.725 -1
338.19538 -60.54907  0.092  0  0.234  0  0.326  0  1.352 -1
338.19734 -60.54891  0.163  0  0.410  0  0.573  0  1.072  0
338.26443 -60.55933  0.133  0  0.196  0  0.329  0  1.172 -1
338.22850 -60.54849  0.036  0  0.310  0  0.345  0  0.419  0
338.21856 -60.57016 -0.134  0 -0.012  0 -0.146  0  1.280  0
338.21247 -60.53789  0.567  0  0.513  0  1.080  0  0.428 -1
338.21905 -60.55452  0.488  0  0.166  0  0.654  0  0.115  0
338.22414 -60.54959  0.023  0  0.265  0  0.288  0  0.862  0
338.24420 -60.56294 -0.863 -1  1.553  0  2.416 -1 99.999  9
338.21065 -60.56169  0.656  0  0.580  0  1.235  0  0.043  0
338.22131 -60.55563  0.608  0  0.259  0  0.867  0  0.202 -1
338.21100 -60.53319  0.539  0  0.388  0  0.927  0  0.523  0
338.22617 -60.54934  0.095  0 -0.050  0  0.045  0  1.895  0
338.23095 -60.56882  0.063  0  0.419  0  0.481  0 -0.012  0
338.23289 -60.56549  0.257  0  0.453  0  0.710  0  0.847 -1
338.27248 -60.55958  0.439  0  0.800  0  1.239  0 -0.038 -1
338.24417 -60.55301  0.147  0  0.227  0  0.374  0  0.957  0
338.20613 -60.53392  0.078  0  0.163  0  0.241  0  1.276 -1
338.21386 -60.54744  0.067  0  0.468  0  0.536  0 -0.120  0
338.24736 -60.56338  0.070  0  0.119  0  0.189  0  1.331 -1
338.21033 -60.55496  0.266  0  0.833  0  1.099  0  0.229 -1
338.26678 -60.56692  0.773  0  0.417  0  1.190  0  0.402 -1
338.27090 -60.55449  0.880  0  0.260  0  1.140  0  0.310 -1
338.21646 -60.52895  0.122  0  0.467  0  0.588  0 -0.097  0
338.20659 -60.56084  0.050  0  0.067  0  0.117  0  1.094  0
338.20451 -60.56960  0.076  0  0.030  0  0.107  0  0.727  0
338.21357 -60.53344  0.665  0  0.596  0  1.260  0 -0.414  0
338.20950 -60.55319  0.478  0  0.113  0  0.591  0  0.536 -1
338.20100 -60.53469 -1.714 -1  0.785  0  2.499 -1 99.999  9
338.26254 -60.56491  0.294  0  0.224  0  0.518  0  0.821 -1
338.24759 -60.56530  0.002  0  0.190  0  0.188  0  0.872  0
338.21679 -60.56777  0.329  0  0.879  0  1.208  0  0.309  0
338.22863 -60.56172 -0.080  0 -0.026  0 -0.106  0  1.764 -1
338.21119 -60.55799  0.616  0  0.445  0  1.061  0 -1.041 -1
338.22840 -60.57059  0.529  0  1.240  0  1.769  0 -0.345 -1
338.20140 -60.54251  0.637  0  0.199  0  0.836  0  0.684 -1
338.22728 -60.54479  0.666  0  0.269  0  0.935  0  0.791 -1
338.19869 -60.53242  0.420  0  0.111  0  0.531  0  0.743 -1
338.25874 -60.55813  0.290  0  0.259  0  0.548  0  0.914 -1
338.22440 -60.53168  0.308  0  0.166  0  0.473  0  1.077 -1
338.19488 -60.54796  0.009  0  0.614  0  0.605  0 -0.202 -1
338.26777 -60.57075 -0.107  0  0.409  0  0.302  0  0.463  0
338.20192 -60.53796  0.945  0  0.668  0  1.613  0  0.061 -1
338.21943 -60.54859 -1.474 -1  0.822  0  2.296 -1 99.999  9
338.20008 -60.54432 -0.025  0  0.172  0  0.147  0  0.816 -1
338.21974 -60.56667  0.202  0  0.073  0  0.275  0  1.014 -1
338.21872 -60.54245  0.216  0  0.157  0  0.373  0  0.756 -1
338.20083 -60.55901  1.059  0  0.567  0  1.625  0  0.016 -1
338.25293 -60.56721  0.366  0  0.341  0  0.708  0  0.670 -1
338.19775 -60.54685  0.300  0  0.094  0  0.395  0  1.001 -1
338.23123 -60.56595 -0.187  0  0.043  0 -0.144  0  0.140  0
338.19657 -60.54715  0.073  0  0.438  0  0.511  0  0.381  0
338.24636 -60.56816  0.724  0  0.234  0  0.957  0  0.070 -1
338.21587 -60.54467  0.298  0  0.340  0  0.639  0  0.000  0
338.20522 -60.54518  0.495  0  0.151  0  0.646  0  0.686 -1
338.23736 -60.56388  0.253  0  0.791  0  1.044  0  0.171 -1
338.23597 -60.57128  0.354  0  0.088  0  0.442  0  0.797 -1
338.21988 -60.57046  1.130  0  0.800  0  1.930  0 -0.321 -1
338.21107 -60.55399  0.032  0  0.007  0  0.039  0  0.833  0
338.21597 -60.53107 -0.051  0  0.210  0  0.159  0  1.129 -1
338.21349 -60.53161  0.533  0  0.595  0  1.128  0  0.569  0
338.19528 -60.56803  0.632  0  0.542  0  1.174  0 -0.573  0
338.24462 -60.57126  0.525  0  1.204  0  1.729  0 -0.269 -1
338.20681 -60.56425  1.898  0  0.732  0  2.629  0 -0.807 -1
338.24373 -60.56167  0.003  0  0.271  0  0.268  0  0.400  0
338.20661 -60.56325  0.055  0  0.558  0  0.613  0 -0.254  0
338.22217 -60.56796 -0.069  0 -0.074  0 -0.143  0  0.743  0
338.19480 -60.55953  0.507  0  0.266  0  0.773  0  0.365 -1
338.26425 -60.55536  1.024  0  0.444  0  1.468  0 -0.049 -1
338.19523 -60.55345  0.097  0 -0.003  0  0.093  0  1.134 -1
338.23332 -60.56661  0.433  0  0.670  0  1.103  0  0.126 -1
338.20868 -60.56080  0.189  0  0.102  0  0.291  0  1.280 -1
338.22965 -60.53583  0.115  0  0.199  0  0.314  0  0.624 -1
338.20875 -60.53518  0.174  0  0.094  0  0.269  0  1.157 -1
338.21302 -60.53295  0.139  0  0.704  0  0.843  0  0.162 -1
338.25776 -60.56963  0.669  0  0.391  0  1.061  0  0.095 -1
338.27068 -60.55616  0.679  0  0.779  0  1.459  0 -0.193 -1
338.19832 -60.54633  0.798  0  0.226  0  1.024  0  0.169 -1
338.27125 -60.56283 -0.207 -1  2.094  0  2.300 -1 99.999  9
338.19817 -60.56797  0.954  0  0.899  0  1.853  0 -0.474 -1
338.19424 -60.55447  0.061  0  0.191  0  0.251  0  0.188  0
338.23606 -60.55772 -0.180  0  0.289  0  0.109  0  0.567  0
338.26378 -60.55904  0.009  0  0.233  0  0.242  0  0.898 -1
338.23508 -60.56817 -0.025  0  0.647  0  0.622  0  0.509  0
338.22765 -60.54669  0.190  0  0.059  0  0.249  0  0.767 -1
338.21718 -60.52850  0.519  0  0.587  0  1.106  0 -0.348  0
338.19896 -60.52809  0.192  0  0.230  0  0.422  0  0.194  0
338.25795 -60.56392  0.673  0  0.672  0  1.345  0  0.123 -1
338.25365 -60.55227  0.704  0  0.276  0  0.980  0  0.164 -1
338.22826 -60.53558  0.606  0  0.595  0  1.201  0  0.074 -1
338.19504 -60.54841  0.771  0  0.254  0  1.025  0  0.330 -1
338.23402 -60.56992  0.072  0 -0.048  0  0.024  0  1.214 -1
338.20448 -60.54006  0.035  0  0.180  0  0.215  0  0.514  0
338.21680 -60.56826  0.092  0  0.611  0  0.704  0 -0.103  0
338.23414 -60.56674  0.010  0  0.095  0  0.105  0  1.185 -1
338.26079 -60.56601  0.330  0  0.330  0  0.660  0  0.939 -1
338.22318 -60.53307  1.111  0  0.329  0  1.440  0 -0.355 -1
338.20479 -60.56996  0.630  0  0.841  0  1.470  0  0.201 -1
338.20964 -60.54859  0.258  0  0.766  0  1.024  0  0.361 -1
338.24417 -60.56917 -1.503 -1  0.708  0  2.211 -1 99.999  9
338.22253 -60.52944  0.502  0  0.265  0  0.767  0 -0.030 -1
338.21760 -60.53979  0.292  0  0.134  0  0.427  0  0.859 -1
338.26527 -60.55553  0.704  0  0.457  0  1.161  0  0.088 -1
338.19482 -60.54955  0.817  0  0.756  0  1.573  0 -0.301 -1
338.27218 -60.55806 -0.073  0  0.380  0  0.307  0  0.185  0
338.22185 -60.53321  0.134  0  0.258  0  0.392  0  0.792  0
338.26894 -60.56120  0.091  0  0.155  0  0.246  0  0.878 -1
338.20185 -60.54738  0.393  0  0.612  0  1.005  0  0.114 -1
338.24447 -60.55753  0.817  0  0.452  0  1.269  0  0.037 -1
338.24786 -60.56843  0.040  0  0.068  0  0.108  0  0.823  0
338.20555 -60.56013  0.674  0  0.850  0  1.524  0 -0.036 -1
338.22571 -60.53483  0.019  0  0.073  0  0.092  0  0.572  0
338.22631 -60.53378  0.708  0  0.284  0  0.992  0  0.232 -1
338.20063 -60.53818  0.431  0  0.832  0  1.263  0 -0.145 -1
338.23745 -60.55972  0.480  0  0.579  0  1.059  0 -0.022  0
338.22971 -60.55974  0.195  0  0.929  0  1.124  0 -0.023 -1
338.19818 -60.53841 -1.585 -1  0.495  0  2.080 -1 99.999  9
338.21594 -60.56437  0.633  0  0.491  0  1.123  0 -0.006 -1
338.21002 -60.53216  0.582  0  0.306  0  0.888  0  0.314 -1
338.19335 -60.56832  0.371  0  0.454  0  0.825  0 -0.086  0
338.22920 -60.53824  1.291  0  0.952  0  2.243  0 -0.630 -1
338.21476 -60.56622  0.441  0  1.176  0  1.617  0 -0.384 -1
338.19790 -60.56148  0.301  0  0.011  0  0.313  0  4.471  0
338.23412 -60.55149  0.355  0  0.543  0  0.898  0 -0.641  0
338.22909 -60.56333  0.322  0  0.063  0  0.385  0  0.864 -1
338.25629 -60.57142  0.053  0  0.166  0  0.219  0  0.897 -1
338.21311 -60.56997 -0.027  0  0.189  0  0.163  0  0.463  0
338.22848 -60.55660  0.133  0  0.372  0  0.505  0  0.379  0
338.24278 -60.56569  0.173  0  0.665  0  0.839  0  0.310 -1
338.23920 -60.55370  0.694  0  0.617  0  1.311  0 -0.069 -1
338.26794 -60.56846  0.056  0  0.602  0  0.658  0  0.431  0
338.20431 -60.56518  0.069  0  0.210  0  0.278  0  0.416  0
338.23745 -60.55406  0.248  0  0.578  0  0.826  0  0.092  0
338.20502 -60.54640 -0.973 -1  1.189  0  2.163 -1 99.999  9
338.24610 -60.56492 -0.062  0 -0.100  0 -0.162  0  1.456 -1
338.22707 -60.53954  0.012  0  0.536  0  0.549  0 -0.011  0
338.26510 -60.57121  0.434  0  1.045  0  1.479  0 -0.170 -1
338.21181 -60.56356  0.066  0  0.802  0  0.868  0  0.093  0
338.22008 -60.53238  0.869  0  0.291  0  1.160  0  0.140 -1
338.22113 -60.53187  0.004  0  0.069  0  0.065  0  1.078 -1
338.20082 -60.53838  0.474  0  0.790  0  1.265  0  0.033 -1
338.20608 -60.53274 -0.585 -1  1.534  0  2.118 -1 99.999  9
338.22648 -60.54971  0.214  0  0.108  0  0.322  0  0.714 -1
338.21535 -60.55335 -1.107 -1  0.894  0  2.001 -1 99.999  9
338.20525 -60.56280  0.094  0  0.166  0  0.260  0  0.888 -1
338.22368 -60.55038  0.360  0  0.528  0  0.888  0  0.206 -1
338.21335 -60.53408  0.051  0  0.144  0  0.195  0  0.329  0
338.26048 -60.56399 -0.925 -1  1.239  0  2.163 -1 99.999  9
338.24391 -60.55184  0.287  0  1.014  0  1.302  0 -0.121 -1
338.22053 -60.52932 -1.029 -1  0.753  0  1.782 -1 99.999  9
338.22370 -60.56603  0.067  0  0.063  0  0.130  0  0.970 -1
338.21624 -60.54920  0.009  0  0.490  0  0.499  0  0.513 -1
338.21426 -60.56689  0.205  0  0.454  0  0.659  0 -0.316  0
338.24597 -60.56841  0.385  0  0.307  0  0.692  0  0.503 -1
338.21676 -60.53449  0.002  0  0.566  0  0.564  0  0.206  0
338.19613 -60.55403  0.132  0 -0.038  0  0.095  0  0.910 -1
338.20929 -60.55399  1.444  0  0.214  0  1.658  0 -0.360 -1
338.22788 -60.56012 -0.810 -1  1.136  0  1.946 -1 99.999  9
338.19660 -60.56237  0.676  0  0.686  0  1.362  0 -0.152 -1
338.20716 -60.53058  0.828  0  0.433  0  1.261  0 -0.089 -1
338.22024 -60.56314  0.086  0  0.068  0  0.155  0  0.876 -1
338.24598 -60.55650 -0.158  0  0.225  0  0.067  0  0.178  0
338.22512 -60.54928 -1.443 -1  0.832  0  2.274 -1 99.999  9
338.22408 -60.53851  0.465  0  0.143  0  0.608  0  0.528 -1
338.23203 -60.54985  0.275  0  0.131  0  0.407  0  0.680 -1
338.23076 -60.53389 -1.139 -1  0.852  0  1.992 -1 99.999  9
338.20647 -60.55845  0.683  0  0.417  0  1.099  0  0.050 -1
338.27138 -60.56247  0.176  0  0.618  0  0.794  0 -0.029  0
338.26099 -60.56992 -1.350 -1  0.716  0  2.066 -1 99.999  9
338.25050 -60.56397  0.824  0  0.446  0  1.270  0 -0.290 -1
338.19727 -60.54456 -0.028  0  0.075  0  0.047  0  0.709  0
338.20055 -60.56803 -0.633 -1  1.135  0  1.768 -1 99.999  9
338.20568 -60.54625  0.143  0  0.750  0  0.893  0  0.047 -1
338.19654 -60.53931  0.001  0  0.060  0  0.058  0  1.028  0
338.21651 -60.53247  0.143  0  0.318  0  0.460  0  0.591 -1
338.22688 -60.53775  0.055  0  0.190  0  0.245  0  1.343  0
338.22598 -60.56313  0.399  0  0.428  0  0.827  0 -0.083  0
338.20044 -60.54494  0.316  0  0.923  0  1.239  0  0.044 -1
338.23930 -60.55782 -0.056  0 -0.063  0 -0.119  0  0.938 -1
338.23964 -60.56347  1.583  0  0.218  0  1.801  0 -0.706 -1
338.22687 -60.53351  0.370  0  0.746  0  1.116  0 -0.214 -1
338.20407 -60.52836  0.481  0  0.178  0  0.658  0  0.436 -1
338.20607 -60.52961 -0.515 -1  1.489  0  2.004 -1 99.999  9
338.21823 -60.56495  0.448  0  0.458  0  0.906  0 -0.576 -1
338.19857 -60.54697  0.819  0  0.401  0  1.220  0 -0.120 -1
338.22207 -60.55970  0.023 -1  2.023  0  2.000 -1 99.999  9
338.26754 -60.55716  0.149  0  0.092  0  0.240  0  0.672 -1
338.22481 -60.53289  0.049  0  0.308  0  0.357  0  0.391  0
338.22652 -60.56902  0.007  0 -0.017  0 -0.024  0  1.041 -1
338.19408 -60.56100  0.371  0  0.040  0  0.411  0  0.614  0
338.26632 -60.55426 -1.173 -1  0.585  0  1.758 -1 99.999  9
338.20751 -60.54080 -0.440 -1  1.676  0  2.116 -1 99.999  9
338.26114 -60.55287  0.062  0  0.434  0  0.496  0 -0.595 -1
338.24558 -60.56668  1.801  0  0.280  0  2.081  0 -0.748 -1
338.20527 -60.55582 -0.080  0  0.115  0  0.035  0 -0.109  0
338.22655 -60.55441  0.063  0  0.212  0  0.275  0  0.667 -1
338.20965 -60.55286 -0.883 -1  1.055  0  1.938 -1 99.999  9
338.22136 -60.53111  0.079  0 -0.053  0  0.026  0  0.871 -1
338.20050 -60.56221 -1.191 -1  0.692  0  1.883 -1 99.999  9
338.20950 -60.55987 -0.021  0  0.024  0  0.003  0  0.716  0
338.25365 -60.56785 -1.243 -1  0.792  0  2.035 -1 99.999  9
338.20704 -60.55655 -0.043  0 -0.032  0 -0.075  0  1.182 -1
338.23337 -60.53767 -0.070  0  0.466  0  0.396  0  0.367 -1
338.21019 -60.55174 -0.235  0  0.766  0  0.532  0  0.429 -1
338.25869 -60.56703  0.049  0  0.349  0  0.398  0  0.711 -1
338.19683 -60.56576 -0.041  0  0.017  0 -0.025  0  0.060  0
338.24144 -60.56907  0.029  0  0.678  0  0.708  0  0.333 -1
338.20499 -60.56858 -0.103  0  0.197  0  0.094  0  0.060  0
338.26011 -60.55245  0.576  0  0.592  0  1.168  0 -0.392 -1
338.21133 -60.54380  0.113  0  0.872  0  0.985  0 -0.152  0
338.26983 -60.55250 -0.817 -1  1.092  0  1.909 -1 99.999  9
338.26283 -60.55287  0.251  0  0.332  0  0.583  0  0.146 -1
338.20051 -60.54120 -0.706 -1  1.136  0  1.842 -1 99.999  9
338.20503 -60.56371  0.331  0  0.324  0  0.655  0  0.394 -1
338.26553 -60.56556  0.134  0 -0.076  0  0.058  0  0.407 -1
338.26788 -60.55949  0.603  0  0.472  0  1.075  0 -0.053 -1
338.23524 -60.55889  0.898  0  0.694  0  1.592  0 -0.588 -1
338.23300 -60.54160  0.460  0  0.307  0  0.767  0  0.248 -1
338.20124 -60.53886  0.231  0  0.247  0  0.478  0  0.403 -1
338.25607 -60.57162  0.282  0  1.109  0  1.390  0 -0.406 -1
338.20028 -60.53371 -0.988 -1  0.838  0  1.826 -1 99.999  9
338.22562 -60.55878  0.059  0  0.081  0  0.140  0  0.772 -1
338.22254 -60.55045  0.687  0  0.234  0  0.921  0 -0.272 -1
338.23248 -60.56164  0.735  0  0.576  0  1.311  0 -0.246 -1
338.22678 -60.55011  0.033  0  0.154  0  0.188  0  0.678 -1
338.26558 -60.55798  0.062 -1  1.995  0  1.933 -1 99.999  9
338.22220 -60.52961  0.576  0  0.791  0  1.367  0  0.782 -1
338.26775 -60.56657  1.049  0  0.233  0  1.282  0 -0.258 -1
338.20805 -60.54525  0.606  0  0.203  0  0.809  0  0.098 -1
338.26164 -60.57248 -0.112  0  0.104  0 -0.009  0  0.165  0
338.23889 -60.56946 -0.219  0  0.183  0 -0.036  0  0.731  0
338.21798 -60.56073  0.231  0  0.091  0  0.322  0  0.514 -1
338.22640 -60.53108  0.280  0  0.780  0  1.060  0 -0.088 -1
338.21078 -60.53557  0.132  0  0.223  0  0.355  0  0.204 -1
338.23891 -60.57163  0.143  0  0.179  0  0.322  0  0.300 -1
338.27139 -60.55949  0.236  0  0.786  0  1.022  0 -0.030 -1
338.26058 -60.56656  0.061  0  0.268  0  0.329  0  0.265  0
338.20076 -60.55476  0.797  0  0.053  0  0.850  0  0.181 -1
338.22638 -60.57026 -1.386 -1  0.460  0  1.845 -1 99.999  9
338.21552 -60.53983  0.355  0  0.060  0  0.414  0  0.519 -1
338.26723 -60.55246  0.536  0  0.760  0  1.296  0 -0.428  0
338.19846 -60.56186  0.331  0  0.729  0  1.060  0 -0.196 -1
338.24176 -60.57096 -0.060  0  0.228  0  0.169  0  0.315  0
338.24767 -60.56159 -0.091  0  0.027  0 -0.064  0  0.775  0
338.23124 -60.54821  0.223 -1  1.461  0  1.239 -1 99.999  9
338.20768 -60.53825  0.505  0  0.357  0  0.862  0  0.061 -1
338.21157 -60.53933  0.306  0 -0.048  0  0.258  0 -0.761 -1
338.22157 -60.53195 -0.202  0  0.548  0  0.346  0  0.780  0
338.24797 -60.55703  0.105  0  0.056  0  0.160  0  1.555 -1
338.27110 -60.56221  0.247  0 -0.003  0  0.244  0  0.798 -1
338.22730 -60.54561  0.865  0  0.367  0  1.232  0 -0.274 -1
338.23973 -60.57141 -0.300  0  0.308  0  0.008  0  0.225  0
338.22903 -60.54149  0.017  0  0.080  0  0.097  0  0.977 -1
338.21454 -60.53031  0.112  0  0.292  0  0.404  0  0.414 -1
338.24035 -60.55467  0.147  0  0.660  0  0.806  0 -0.142  0
338.26732 -60.56735  0.402  0  0.499  0  0.901  0 -0.123 -1
338.26800 -60.55845  0.315  0  0.099  0  0.413  0  0.366 -1
338.21279 -60.56758  0.311  0  0.590  0  0.901  0  0.043 -1
338.22739 -60.56101 -0.022  0  0.262  0  0.240  0  0.404 -1
338.21778 -60.56261 -1.078 -1  0.753  0  1.831 -1 99.999  9
338.27316 -60.55641 -0.727 -1  1.224  0  1.951 -1 99.999  9
338.22205 -60.56787  0.087  0  0.175  0  0.262  0  0.826  0
338.22013 -60.53080  0.602  0  0.325  0  0.927  0  0.008 -1
338.26629 -60.55867 -0.027  0  0.460  0  0.433  0  0.328 -1
338.19252 -60.56771  0.245  0 -0.033  0  0.212  0  0.698 -1
338.22215 -60.53692  0.388  0  0.593  0  0.981  0 -0.191 -1
338.21695 -60.54650  0.001  0  0.029  0  0.028  0  0.868 -1
338.19846 -60.56282 -1.274 -1  0.527  0  1.801 -1 99.999  9
338.25858 -60.57220 -0.108  0  0.484  0  0.376  0 -0.268  0
338.20086 -60.55541  0.593  0  0.771  0  1.364  0 -0.052 -1
338.22258 -60.55199  0.092  0  0.121  0  0.213  0  0.508 -1
338.19631 -60.54512 -0.884 -1  0.775  0  1.659 -1 99.999  9
338.22488 -60.54633 -0.122  0  0.329  0  0.207  0  0.572  0
338.23106 -60.56117  0.907  0  0.215  0  1.122  0  0.358  0
338.22701 -60.54586  0.600  0  0.256  0  0.856  0  0.091 -1
338.26823 -60.55871  0.818  0  0.434  0  1.252  0  0.896 -1
338.22449 -60.56674  0.232  0  0.010  0  0.242  0  0.676 -1
338.21937 -60.55570 -0.166  0  0.048  0 -0.118  0  0.136  0
338.22944 -60.56030  0.368  0  0.710  0  1.078  0  0.429 -1
338.26536 -60.56564 -0.059  0  0.007  0 -0.052  0  0.391 -1
338.20528 -60.53974 -0.159  0  0.134  0 -0.025  0  0.102  0
338.19960 -60.55491  0.152  0  0.035  0  0.187  0  0.699 -1
338.21940 -60.54776 -0.583 -1  1.236  0  1.818 -1 99.999  9
338.26323 -60.57174  0.636  0  0.534  0  1.170  0 -0.138 -1
338.20903 -60.55235 -0.602 -1  1.046  0  1.648 -1 99.999  9
338.22624 -60.56418  0.734  0  0.233  0  0.968  0  0.704 -1
338.25009 -60.57187  0.192  0  0.273  0  0.465  0  0.379 -1
338.20225 -60.55474  0.811  0  0.281  0  1.092  0 -0.170 -1
338.23276 -60.57132  0.200  0  0.053  0  0.253  0  0.367 -1
338.21604 -60.54734  0.272  0  0.182  0  0.454  0  2.311  0
338.22560 -60.55052 -0.170  0  0.212  0  0.042  0 -0.075  0
338.21449 -60.55364  0.306  0  0.450  0  0.756  0  0.193 -1
338.24055 -60.55963  0.665  0  0.138  0  0.802  0 -0.194 -1
338.25574 -60.57004 -0.508 -1  1.281  0  1.789 -1 99.999  9
338.21697 -60.53016  0.113  0  0.073  0  0.186  0  0.649 -1
338.21362 -60.52990 -0.185 -1  1.413  0  1.598 -1 99.999  9
338.22964 -60.55634  0.515  0  0.496  0  1.011  0 -0.314 -1
338.23165 -60.53191  0.096  0  0.153  0  0.249  0  0.611 -1
338.26461 -60.55363  0.155  0  0.866  0  1.021  0 -0.101 -1
338.20740 -60.55109  0.502  0  0.977  0  1.479  0  1.104 -1
338.23315 -60.55105 99.999  9  1.982 -1  1.525 -1 -1.723  1
338.22786 -60.56244 -0.012  0 -0.003  0 -0.015  0  0.468 -1
338.23157 -60.53862  0.049  0  0.562  0  0.612  0 -0.071 -1
338.21609 -60.54104  0.505  0  0.098  0  0.603  0  0.285 -1
338.24511 -60.56991 -0.156  0  0.323  0  0.167  0  0.379  0
338.25015 -60.57032 -0.026  0  0.447  0  0.420  0 -0.156  0
338.20365 -60.53015  0.151  0  0.209  0  0.360  0  0.492 -1
338.26516 -60.55451  0.577  0  0.628  0  1.205  0 -1.228 -1
338.21327 -60.53456  0.072  0  0.157  0  0.229  0  0.318 -1
338.21956 -60.53008 -1.055 -1  0.484  0  1.539 -1 99.999  9
338.21470 -60.56485 -0.034  0  0.566  0  0.532  0  0.202 -1
338.27022 -60.57036  0.119  0  0.261  0  0.380  0  0.267 -1
338.26135 -60.56062  0.117  1  0.779 -1  0.897  0  0.584 -1
338.20057 -60.53439 -0.075  0  0.474  0  0.398  0  0.404 -1
338.24684 -60.56304 -1.316 -1  0.390  0  1.705 -1 99.999  9
338.19983 -60.53734  0.076  0  0.141  0  0.217  0  0.381 -1
338.24895 -60.56873 -0.211  0  0.157  0 -0.054  0  0.186  0
338.25631 -60.56001 -0.862 -1  1.089  0  1.951 -1 99.999  9
338.26875 -60.55820  0.009  0 -0.018  0 -0.026  0 -0.011 -1
338.27284 -60.55418  0.689  0  0.114  0  0.803  0  0.011 -1
338.22347 -60.53312  0.953  0  0.141  0  1.094  0 -0.812 -1
338.22632 -60.53282  0.045  0 -0.022  0  0.023  0  0.824 -1
338.19182 -60.56716 -0.882 -1  0.683  0  1.565 -1 99.999  9
338.26049 -60.55748 -0.078  0  0.695  0  0.617  0  0.078 -1
338.22948 -60.53246 -0.158  0  0.213  0  0.056  0  0.295  0
338.22532 -60.56186 -0.993 -1  0.512  0  1.505 -1 99.999  9
338.26200 -60.56691  0.143  0  0.117  0  0.261  0  0.493 -1
338.23923 -60.55680 -0.594 -1  1.088  0  1.682 -1 99.999  9
338.22047 -60.53770  0.136  0  0.722  0  0.859  0 -0.070 -1
338.24435 -60.55926  0.385  0  0.725  0  1.110  0 -0.407 -1
338.21736 -60.53198  0.404  0  0.592  0  0.996  0 -0.279 -1
338.22023 -60.56451  0.004  0  0.095  0  0.099  0  0.737 -1
338.20042 -60.55742  0.473  0  0.374  0  0.847  0 -0.073 -1
338.22419 -60.55219  0.607  0  0.437  0  1.043  0 -0.238 -1
338.20925 -60.56200  0.234  0  0.723  0  0.957  0 -0.176 -1
338.20755 -60.55571  0.227  0  0.047  0  0.274  0  0.523 -1
338.20457 -60.54588 -0.177  0  0.121  0 -0.056  0  0.735 -1
338.20957 -60.52837 -0.999 -1  0.537  0  1.536 -1 99.999  9
338.21905 -60.53305  0.195  0  0.818  0  1.013  0 -0.275 -1
338.21131 -60.55851  0.156  0  0.763  0  0.919  0 -0.206 -1
338.24599 -60.56816  0.484  0  0.118  0  0.602  0 99.999 -1
338.21156 -60.53203  0.176  0  0.176  0  0.352  0  0.364 -1
338.22583 -60.55630 -0.627 -1  0.803  0  1.430 -1 99.999  9
338.20851 -60.52818 -0.326  0  0.364  0  0.038  0 -0.070  0
338.20962 -60.54392 -1.114 -1  0.540  0  1.654 -1 99.999  9
338.25432 -60.55363  0.666  0  0.243  0  0.909  0 -0.145 -1
338.26361 -60.55317 -0.123  0  0.889  0  0.766  0 -0.002 -1
338.22508 -60.55752  0.302  0  0.011  0  0.313  0  0.454 -1
338.23016 -60.55827  0.690  0  0.394  0  1.084  0 -0.413 -1
338.19345 -60.56798 -1.110 -1  0.545  0  1.655 -1 99.999  9
338.21674 -60.54150 -0.537 -1  1.030  0  1.567 -1 99.999  9
338.20286 -60.53354 -0.757 -1  1.003  0  1.760 -1 99.999  9
338.24249 -60.55424 -0.444 -1  1.399  0  1.843 -1 99.999  9
338.26671 -60.55486 -0.363 -1  1.171  0  1.535 -1 99.999  9
338.20914 -60.53123  0.077  0  0.564  0  0.641  0 -0.026 -1
338.20897 -60.53511  0.174  0  0.094  0  0.269  0  1.157 -1
338.20826 -60.53480 -0.071  0  0.852  0  0.781  0 -0.090 -1
338.20665 -60.55001 -0.547 -1  0.989  0  1.536 -1 99.999  9
338.20253 -60.53865  0.655  0  0.172  0  0.827  0 -0.479 -1
338.20798 -60.56692 -0.715 -1  0.748  0  1.463 -1 99.999  9
338.23490 -60.55842  0.335  0  0.207  0  0.542  0  0.156 -1
338.19570 -60.54405 -0.918 -1  0.386  0  1.304 -1 99.999  9
338.21268 -60.53568  0.192  0  0.241  0  0.433  0  0.187 -1
338.20643 -60.56653  0.139  0  0.793  0  0.932  0 -0.313 -1
338.20176 -60.54953  0.079  0  0.287  0  0.366  0  0.202  0
338.20887 -60.54917  0.234  0  0.488  0  0.723  0 -0.055 -1
338.23841 -60.55832  0.806  0  0.343  0  1.149  0 -0.413 -1
338.20035 -60.56967  0.046  0  0.225  0  0.271  0  0.265 -1
338.27018 -60.57121  0.430  0  0.619  0  1.048  0 -0.347 -1
338.22706 -60.53333  0.787  0  1.866  0  2.653  0 -1.982 -1
338.26997 -60.56554  0.970  0  0.283  0  1.253  0 -0.594 -1
338.21863 -60.53485 99.999  9  0.977 -1  0.521 -1 99.999  9
338.19268 -60.56221  0.220  0  0.105  0  0.325  0  0.409 -1
338.20440 -60.52822  0.291  0  0.255  0  0.546  0 -0.023 -1
338.20577 -60.54328  1.090  0  0.608  0  1.699  0 -0.931 -1
338.22644 -60.54938  0.119  0  0.282  0  0.401  0  2.269  0
338.25103 -60.56038  0.049  0  0.156  0  0.205  0  0.426 -1
338.20681 -60.56557 -0.142  0  0.181  0  0.038  0  0.485 -1
338.19438 -60.55245  0.297  0  0.419  0  0.716  0 -0.171 -1
338.24085 -60.57147  0.070  0  0.880  0  0.950  0  0.264  0
338.23414 -60.56540 99.999  9  2.092 -1  1.635 -1 99.999  9
338.22811 -60.56367  0.380  0 -0.025  0  0.355  0  0.091 -1
338.24905 -60.56325  0.017  0  0.702  0  0.720  0 -0.056 -1
338.22678 -60.54010  0.083  0  0.014  0  0.098  0  0.395 -1
338.24569 -60.56928 -0.011  0  0.053  0  0.042  0  0.315 -1
338.20604 -60.56980  0.231  0  0.454  0  0.685  0  0.190  0
338.21885 -60.54113  0.283  0 -0.065  0  0.219  0  0.549 -1
338.19899 -60.56812 -0.444 -1  0.975  0  1.419 -1 99.999  9
338.21900 -60.54417  0.208  0 -0.126  0  0.082  0  0.483 -1
338.22970 -60.55103  1.115  0  0.126  0  1.241  0 -0.631 -1
338.22965 -60.55212  0.205 -1  1.689  0  1.484 -1 99.999  9
338.22666 -60.53298  0.035  0 -0.083  0 -0.048  0  0.722 -1
338.22616 -60.54556 -0.873 -1  0.580  0  1.453 -1 99.999  9
338.20546 -60.54358  0.590  0  0.484  0  1.074  0 -0.518 -1
338.19549 -60.56929  0.102  0  0.108  0  0.210  0 -0.157  0
338.19549 -60.56638  0.619  0  0.147  0  0.766  0 -0.227  0
338.20163 -60.56439 -0.060 -1  1.585  0  1.645 -1 99.999  9
338.21986 -60.56646  0.345  0  0.630  0  0.976  0  0.386 -1
338.19847 -60.54652 99.999  9  1.661  0 99.999  9 99.999 -1
338.19856 -60.53835 -0.364 -1  0.611  0  0.974 -1 99.999  9
338.26998 -60.56846  0.420  0  0.261  0  0.681  0 -0.077 -1
338.20817 -60.54036  0.557  0 -0.007  0  0.550  0 -0.249 -1
338.24592 -60.55614  0.739  0  0.239  0  0.978  0 -0.430 -1
338.21047 -60.53046 -0.824 -1  0.575  0  1.398 -1 99.999  9
338.21067 -60.56395 -0.844 -1  0.583  0  1.428 -1 99.999  9
338.21229 -60.55832 -0.122  0  0.319  0  0.198  0  0.228 -1
338.20977 -60.55378  0.502  0  0.965  0  1.467  0 -0.002 -1
338.19758 -60.54576  0.075  0  0.335  0  0.410  0  0.164 -1
338.20872 -60.56681 99.999  9  1.119 -1  1.331 -1 99.999  9
338.21674 -60.54468 -0.141  0  0.558  0  0.417  0 -0.162 -1
338.21038 -60.53963 99.999  9  1.837 -1  1.380 -1 99.999  9
338.21939 -60.52892 -0.106  0  0.549  0  0.443  0  0.154 -1
338.21481 -60.53715  0.132  0  0.359  0  0.491  0  0.031 -1
338.22396 -60.54808 -0.078  0  0.772  0  0.694  0 -0.040 -1
338.23612 -60.57052  0.325  0  0.177  0  0.502  0  0.047 -1
338.21062 -60.54970  0.326  0  0.028  0  0.354  0  0.094 -1
338.25743 -60.56895 -0.167  0  0.207  0  0.040  0  0.186  0
338.20855 -60.53101 -1.249 -1  0.143  0  1.392 -1 99.999  9
338.21862 -60.53849  0.070  0  0.478  0  0.547  0 -0.067 -1
338.21955 -60.53624 -0.973 -1  0.589  0  1.562 -1 99.999  9
338.21092 -60.56350  0.248  0 -0.156  0  0.091  0  0.284 -1
338.22238 -60.56254 -0.291 -1  0.999  0  1.290 -1 99.999  9
338.25330 -60.56206  0.012  0  0.009  0  0.021  0  0.510 -1
338.20789 -60.56994  0.316  0 -0.114  0  0.202  0 99.999  9
338.22163 -60.53208  0.042  0  0.026  0  0.067  0  0.538  0
338.19724 -60.56396  0.083  0  0.663  0  0.746  0 -0.223 -1
338.21074 -60.56522 -0.220 -1  1.392  0  1.613 -1 99.999  9
338.20196 -60.54494  0.064  0  0.096  0  0.160  0  0.213 -1
338.20519 -60.53656 -0.517 -1  0.846  0  1.363 -1 99.999  9
338.21550 -60.54760 -0.067  0 -0.059  0 -0.126  0  0.747  0
338.20920 -60.55615 -1.119 -1  0.193  0  1.312 -1 99.999  9
338.24605 -60.55706  0.529  0  0.033  0  0.562  0  0.086 -1
338.20279 -60.53569  0.034  0  0.111  0  0.145  0  0.297 -1
338.21951 -60.54844  1.517 -1  1.018  0  2.535 -1 99.999  9
338.25996 -60.57130  0.137  0  0.056  0  0.192  0 -0.031  0
338.19434 -60.56316  0.289  0  0.681  0  0.971  0 -0.471 -1
338.20889 -60.54548  0.757 -1  2.239  0  1.482 -1 99.999  9
338.22625 -60.55949  0.026  0  0.325  0  0.351  0  0.143 -1
338.24729 -60.55459 -0.527 -1  1.156  0  1.683 -1 99.999  9
338.19884 -60.53826  0.075 -1  0.945  0  0.870 -1 99.999  9
338.20185 -60.52855 -0.851 -1  0.760  0  1.611 -1 -1.393  1
338.23239 -60.56424 99.999  9  1.509  0 99.999  9 99.999 -1
338.21635 -60.53473  0.022  0  0.295  0  0.317  0  0.162 -1
338.21032 -60.56206  0.931 -1  2.253  0  1.322 -1 99.999  9
338.23087 -60.53447  0.251  0 -0.161  0  0.090  0  0.349 -1
338.22472 -60.53218  0.137  0 -0.058  0  0.079  0  0.200 -1
338.26622 -60.56266 -0.882 -1  0.493  0  1.375 -1 99.999  9
338.22246 -60.52974  0.766  0  0.488  0  1.255  0 -1.021 -1
338.23182 -60.56855  0.446  0  0.980  0  1.426  0 -0.796 -1
338.22608 -60.55030  0.370  0 -0.029  0  0.341  0  0.063 -1
338.21312 -60.54860  0.363  0  0.116  0  0.479  0 -0.081 -1
338.21728 -60.57015  0.288  0  0.852  0  1.140  0 -0.636 -1
338.22839 -60.54334 -1.203 -1  0.257  0  1.460 -1 99.999  9
338.23306 -60.57131  0.117  0  0.219  0  0.336  0 -0.318 -1
338.24801 -60.57172 -0.255  0  0.451  0  0.196  0 -0.320  0
338.20344 -60.54053  0.533  0  0.089  0  0.622  0 -0.129 -1
338.20540 -60.54505  0.159  0  0.164  0  0.323  0  1.503 -1
338.25353 -60.55893 -0.011  0 -0.162  0 -0.173  0  0.530 -1
338.25009 -60.56530  0.343  0  0.178  0  0.522  0 -0.085 -1
338.24720 -60.56923 -0.079  0  0.026  0 -0.054  0  0.557 -1
338.21403 -60.56891 -0.361 -1  1.031  0  1.393 -1 99.999  9
338.21776 -60.56994 -0.385 -1  0.858  0  1.243 -1 99.999  9
338.22731 -60.53886  0.586  0  0.419  0  1.005  0 -0.432 -1
338.22897 -60.56825  0.040  0  0.008  0  0.048  0  0.383 -1
338.20047 -60.55364 -0.813 -1  0.538  0  1.351 -1 99.999  9
338.19580 -60.56260  0.242  0  0.754  0  0.996  0 -0.567 -1
338.22369 -60.53921 -0.716 -1  0.519  0  1.235 -1 99.999  9
338.21503 -60.55745 -0.016  0  0.348  0  0.331  0 -0.055 -1
338.27151 -60.55878 -0.107  0 -0.058  0 -0.165  0  0.473 -1
338.22940 -60.54750  0.511  0  0.384  0  0.895  0 -0.493 -1
338.23166 -60.55525 -0.550 -1  0.685  0  1.235 -1 99.999  9
338.19854 -60.54024 -0.440 -1  0.844  0  1.284 -1 99.999  9
338.20440 -60.54069  0.493  0  4.343 -1  0.671  0  2.385 -1
338.21453 -60.53531 -0.073  0  0.054  0 -0.019  0 -0.516 -1
338.19602 -60.54386 -0.542 -1  0.754  0  1.296 -1 99.999  9
338.19946 -60.54713  0.581  0  0.288  0  0.869  0 -0.335 -1
338.23315 -60.53612  0.153  0  0.279  0  0.432  0 -0.182 -1
338.24722 -60.56853  0.903  0 -0.073  0  0.830  0 -0.391 -1
338.23111 -60.53203 -0.657 -1  0.747  0  1.404 -1 99.999  9
338.26872 -60.55812  0.095  0 -0.036  0  0.059  0 -0.575 -1
338.26488 -60.55371  0.514  0  0.541  0  1.055  0 -0.575 -1
338.22868 -60.53277  0.387  0 -0.125  0  0.262  0  0.090 -1
338.22159 -60.56011  0.057  0  0.226  0  0.282  0  0.119 -1
338.20371 -60.56006  0.401  0  0.525  0  0.926  0 -0.447 -1
338.26362 -60.56940 -0.626 -1  0.527  0  1.153 -1 99.999  9
338.19755 -60.56395  0.393  0  0.435  0  0.828  0 -0.286 -1
338.23109 -60.56830  0.037  0  0.215  0  0.253  0  0.221 -1
338.22957 -60.53604  0.193  0 -0.088  0  0.105  0  0.060 -1
338.22610 -60.55174 99.999  9  1.436 -1  0.979 -1 99.999  9
338.20345 -60.55372  0.154  0  0.146  0  0.299  0  0.215 -1
338.26088 -60.57111 -0.341 -1  1.238  0  1.579 -1 99.999  9
338.26016 -60.55668  0.377  0 -0.029  0  0.348  0  0.111 -1
338.23265 -60.55904  0.776  0  0.357  0  1.133  0 -0.263 -1
338.20711 -60.54216  0.157  0  0.069  0  0.226  0  0.110 -1
338.20009 -60.53270  0.005  0  0.191  0  0.195  0 -0.360  0
338.19908 -60.54740  0.115  0  0.027  0  0.142  0  0.375 -1
338.22204 -60.53095 -0.285 -1  1.106  0  1.391 -1 99.999  9
338.22633 -60.54621  0.002  0  0.143  0  0.141  0  0.200 -1
338.19864 -60.53412 -0.121  0  0.526  0  0.405  0  0.069 -1
338.20412 -60.55621 -0.506 -1  0.843  0  1.349 -1 99.999  9
338.21006 -60.56871 99.999  9  1.485 -1  1.028 -1 99.999  9
338.22262 -60.55110 -0.165  0  0.210  0  0.046  0  0.324 -1
338.20995 -60.55650  0.070  0  0.391  0  0.462  0 -0.029 -1
338.24746 -60.56252  0.061  0 -0.118  0 -0.058  0  0.506 -1
338.26845 -60.56026 -0.717 -1  0.627  0  1.344 -1 99.999  9
338.26435 -60.55246 99.999  9  0.445 -1 -0.012 -1 99.999  9
338.23636 -60.56069 -0.678 -1  0.706  0  1.383 -1 99.999  9
338.24853 -60.55914  0.345  0  0.539  0  0.884  0  0.888 -1
338.22172 -60.56212  0.136  0  0.599  0  0.735  0 -0.357 -1
338.22023 -60.52903  0.235  0  0.168  0  0.403  0 -0.030 -1
338.25062 -60.57015  0.153  0  0.687  0  0.840  0 -0.378 -1
338.26277 -60.55301  0.813  0  0.083  0  0.896  0 -1.246 -1
338.27088 -60.56462 -0.524 -1  0.639  0  1.163 -1 99.999  9
338.21001 -60.56821 -0.491 -1  0.278  0  0.769 -1 99.999  9
338.19936 -60.53780  0.536  0  0.435  0  0.971  0  1.718  0
338.23003 -60.54377  0.005  0  0.486  0  0.491  0 -0.114 -1
338.19226 -60.56602  0.121  0  0.127  0  0.248  0 -0.177 -1
338.19942 -60.53709 -0.359 -1  0.850  0  1.209 -1 99.999  9
338.20023 -60.54506  0.043  0  0.140  0  0.183  0  0.219 -1
338.23260 -60.56110  0.163  0  0.640  0  0.803  0 -0.257 -1
338.23173 -60.55538 -0.450 -1  0.739  0  1.189 -1 99.999  9
338.20700 -60.56476 -0.880 -1  0.290  0  1.170 -1 99.999  9
338.23897 -60.56016 -0.034  0  0.174  0  0.141  0  0.214 -1
338.23493 -60.55614 -1.012 -1  0.196  0  1.208 -1 99.999  9
338.20824 -60.55483  0.235  0  0.165  0  0.401  0 -0.075 -1
338.19891 -60.56690  0.381  0  0.614  0  0.995  0 -0.636 -1
338.24139 -60.55564 -0.110 -1  1.221  0  1.331 -1 99.999  9
338.22502 -60.56657 -0.079  0 -0.106  0 -0.185  0  0.553 -1
338.21696 -60.56320  0.005  0  0.753  0  0.758  0 -0.500 -1
338.21626 -60.53194 -0.259  0  0.911  0  0.652  0 -0.857 -1
338.20533 -60.56950 -0.030  0  0.130  0  0.100  0  0.263 -1
338.23193 -60.53992 -0.013  0 -0.097  0 -0.110  0  0.326 -1
338.26408 -60.55810 -0.178  0 -0.041  0 -0.219  0  0.557 -1
338.25447 -60.57198 -0.210  0  0.199  0 -0.012  0 -0.033 -1
338.26048 -60.55721  0.122  0  0.846  0  0.968  0 -0.601 -1
338.19643 -60.55559  0.057  0  0.167  0  0.225  0  0.148 -1
338.26286 -60.57219  0.078  0  0.427  0  0.505  0 -0.125 -1
338.23756 -60.55714 -0.164  0  0.582  0  0.418  0 -0.035 -1
338.24495 -60.57020  0.018  0  0.184  0  0.202  0  0.183 -1
338.20121 -60.56967  0.447  0  0.201  0  0.648  0 -0.089 -1
338.22611 -60.56051 -0.045  0  0.043  0 -0.002  0  0.263 -1
338.19895 -60.53365 -0.067  0  0.614  0  0.547  0 -0.878  0
338.25009 -60.56853  0.138  0  0.360  0  0.498  0 -0.187 -1
338.24035 -60.57095 -0.302 -1  0.867  0  1.168 -1 99.999  9
338.22402 -60.55746 -0.038  0  0.265  0  0.226  0  0.092 -1
338.25570 -60.55395 -0.798 -1  0.230  0  1.028 -1 99.999  9
338.26480 -60.57161  0.823  0 -0.053  0  0.770  0 -0.553 -1
338.21651 -60.53610 -0.578 -1  0.578  0  1.156 -1 99.999  9
338.22414 -60.53116 -0.496 -1  0.644  0  1.140 -1 99.999  9
338.21054 -60.53546  0.186  0 -0.141  0  0.045  0 -0.489 -1
338.22075 -60.56361  0.144  0  0.233  0  0.377  0 -0.130 -1
338.20199 -60.54044  0.285  0  0.021  0  0.306  0 -0.447 -1
338.22669 -60.55606 -0.946 -1  0.240  0  1.186 -1 99.999  9
338.21703 -60.53465 -0.256  0  0.058  0 -0.199  0  0.084  0
338.19813 -60.54359 -0.317  0  0.352  0  0.034  0  0.160 -1
338.23013 -60.53901 -0.069  0  0.151  0  0.083  0  0.072 -1
338.23507 -60.57138  0.049  0 -0.244  0 -0.195  0  0.406 -1
338.23197 -60.55099 99.999  9  1.666 -1  1.209 -1 99.999  9
338.21341 -60.52838  0.130 -1  0.442  0  0.312 -1 99.999  9
338.23308 -60.53781  1.478  0  0.856  0  2.334  0 99.999 -1
338.20071 -60.55080  0.369  0 -0.037  0  0.331  0 -0.371 -1
338.24748 -60.55175  0.006  0  0.388  0  0.394  0 -0.140 -1
338.22569 -60.54506  0.157  0  0.235  0  0.393  0 -0.042 -1
338.21305 -60.56582 -0.416 -1  0.461  0  0.877 -1 99.999  9
338.19766 -60.54770  0.010  0 -0.039  0 -0.029  0  0.166 -1
338.22838 -60.56248  1.531  0  1.282  0  2.813  0 -2.671 -1
338.20526 -60.55435 -0.279  0  0.201  0 -0.078  0 -0.190  0
338.26285 -60.55721 -0.581 -1  0.721  0  1.301 -1 99.999  9
338.21799 -60.56378 -0.704 -1  0.550  0  1.253 -1 99.999  9
338.25137 -60.56133 -0.252  0  0.157  0 -0.095  0  0.388 -1
338.20195 -60.53451  0.174  0  0.148  0  0.322  0 -0.139 -1
338.22249 -60.53884 99.999  9  1.614 -1  1.157 -1 99.999  9
338.19724 -60.56624 99.999  9  1.749 -1  1.292 -1 99.999  9
338.19760 -60.54938  0.050  0  0.074  0  0.124  0 -0.017 -1
338.21902 -60.56408  0.057  0  0.618  0  0.675  0 -0.404 -1
338.26914 -60.55823 -0.268  0  0.082  0 -0.186  0  1.081 -1
338.20298 -60.53123 -0.129  0  0.421  0  0.291  0 -0.021 -1
338.19742 -60.54199  0.190  0 -0.048  0  0.142  0  0.076 -1
338.22526 -60.56488  0.647  0  0.183  0  0.830  0 -0.346 -1
338.21927 -60.54763  0.411 -1  1.443  0  1.032 -1 99.999  9
338.21366 -60.56874 -0.210 -1  0.728  0  0.939 -1 99.999  9
338.23013 -60.55430  0.026  0  0.035  0  0.062  0 -0.093 -1
338.20982 -60.54141 -0.217 -1  0.914  0  1.130 -1 -1.429  1
338.22118 -60.54543  0.327  0  0.051  0  0.378  0 -0.223 -1
338.19988 -60.55109  0.210  0  0.147  0  0.356  0 -0.129 -1
338.20186 -60.56496 -0.545 -1  0.537  0  1.082 -1 99.999  9
338.23288 -60.55093 99.999  9  1.982 -1  1.525 -1 -1.723  1
338.24601 -60.55743 -0.522 -1  0.625  0  1.146 -1 99.999  9
338.21854 -60.53224 -0.547 -1  0.550  0  1.097 -1 99.999  9
338.20542 -60.52969 -0.154  0  0.168  0  0.014  0  0.305 -1
338.23854 -60.55702 -0.018  0  0.039  0  0.022  0  0.313 -1
338.21357 -60.55774 -0.765 -1  0.498  0  1.264 -1 99.999  9
338.21651 -60.54467  0.271  0  0.464  0  0.735  0 -0.988 -1
338.19745 -60.54750  0.497  0  0.260  0  0.757  0 -0.425 -1
338.21817 -60.53728 -0.651 -1  0.483  0  1.134 -1 99.999  9
338.26758 -60.55760  0.039  0 -0.081  0 -0.042  0  0.369 -1
338.21345 -60.55232 -0.011  0  0.430  0  0.419  0 -0.213 -1
338.22637 -60.56118 -0.054  0  0.027  0 -0.028  0 -0.001 -1
338.26831 -60.55240 99.999  9  3.419 -1  0.056 -1 99.999  9
338.20974 -60.55919 -0.073  0  0.864  0  0.791  0 -0.415 -1
338.20652 -60.54362  0.168  0  0.226  0  0.393  0 -0.198 -1
338.23231 -60.55225  0.365  0  0.049  0  0.414  0  0.839  0
338.27454 -60.55278 -1.509  1  0.462 -1 -1.047  0  0.222 -1
338.24795 -60.55467 99.999  9  1.521 -1  1.064 -1 99.999  9
338.22210 -60.55046  0.897  0  0.754  0  1.651  0 -0.428 -1
338.19528 -60.56141  0.066  0  0.554  0  0.619  0 -0.353 -1
338.22435 -60.55179 99.999  9  1.547 -1  1.090 -1 99.999  9
338.21657 -60.55975 99.999  9  1.524 -1  1.067 -1 99.999  9
338.20463 -60.55671 -0.155 -1  0.751  0  0.906 -1 99.999  9
338.21002 -60.53552  0.550  0 -0.071  0  0.479  0 -0.273 -1
338.19372 -60.56187  0.216  0 -0.031  0  0.185  0  0.108 -1
338.20949 -60.53751  0.321  0  0.243  0  0.564  0 -0.340 -1
338.20594 -60.54302  0.550  0  0.070  0  0.620  0 -0.473 -1
338.25213 -60.56885 -0.247  0  0.079  0 -0.168  0  0.442 -1
338.19842 -60.54937 -0.055  0  0.185  0  0.130  0 -0.314  0
338.21791 -60.54345 -0.032  0  0.355  0  0.323  0 -0.161 -1
338.21689 -60.55133 -0.622 -1  0.524  0  1.146 -1 99.999  9
338.20104 -60.54647 -0.167  0 -0.010  0 -0.177  0  0.347 -1
338.19972 -60.53445 -0.063 -1  0.924  0  0.988 -1 99.999  9
338.22014 -60.55932  0.283  0  0.294  0  0.577  0 -0.344 -1
338.21254 -60.55463 -0.143  0 -0.236  0 -0.379  0  0.478 -1
338.25813 -60.56976  0.722  0  0.607  0  1.330  0 -1.161 -1
338.24953 -60.55396 -0.215  0  0.120  0 -0.095  0  0.209 -1
338.24599 -60.56887 -0.279  0  0.655  0  0.376  0 -0.139 -1
338.24086 -60.55749 -0.038  0  0.094  0  0.056  0  0.099 -1
338.20337 -60.53906 -0.203  0 -0.036  0 -0.239  0  0.525 -1
338.21917 -60.54456 -0.221  0  0.074  0 -0.148  0  0.249 -1
338.25959 -60.57220 -0.640 -1  0.334  0  0.974 -1 99.999  9
338.22769 -60.52978 99.999  9  1.260 -1  0.803 -1 99.999  9
338.20864 -60.53620 99.999  9  1.295 -1  0.838 -1 99.999  9
338.21695 -60.54362  0.541  0  0.207  0  0.748  0 -0.591 -1
338.19768 -60.55778  0.978  0 -0.153  0  0.825  0 -0.636 -1
338.20216 -60.55021  0.137  0 -0.018  0  0.119  0 -0.074 -1
338.20489 -60.55685 -0.690 -1  0.341  0  1.031 -1 99.999  9
338.23254 -60.55211 -0.197  0  0.736  0  0.538  0 -1.588  0
338.20449 -60.53463  0.431  0  0.065  0  0.496  0 -0.301 -1
338.21968 -60.52880 -0.106  0  0.549  0  0.443  0  0.154 -1
338.23958 -60.55887 -0.214  0  0.069  0 -0.145  0  0.336 -1
338.24342 -60.56775  0.225  0 -0.061  0  0.164  0  0.060 -1
338.21366 -60.56558 -0.259 -1  0.558  0  0.818 -1 99.999  9
338.26472 -60.57240  0.250  0 -0.206  0  0.044  0  0.014 -1
338.22580 -60.54066 -0.027  0  0.319  0  0.292  0 -0.115 -1
338.19958 -60.56557 -0.296 -1  0.628  0  0.924 -1 99.999  9
338.20203 -60.54550 -0.626 -1  0.497  0  1.123 -1 99.999  9
338.24857 -60.55933  0.132  0  0.317  0  0.449  0 -1.103 -1
338.26317 -60.55891 -0.164 -1  1.062  0  1.226 -1 99.999  9
338.20387 -60.54967  0.175  0  0.031  0  0.206  0 -0.001 -1
338.21899 -60.52922 -0.738 -1  0.356  0  1.094 -1 -0.741  1
338.20953 -60.54753  0.003  0  0.143  0  0.147  0 -0.014 -1
338.19841 -60.54310  0.159  0  0.694  0  0.854  0 -0.649 -1
338.27260 -60.56245 99.999  9  1.251 -1  0.794 -1 99.999  9
338.26294 -60.57044 -0.055 -1  1.022  0  1.077 -1 99.999  9
338.23934 -60.56965 -0.356 -1  0.848  0  1.203 -1 99.999  9
338.20085 -60.55695 99.999  9  1.502 -1  1.045 -1 99.999  9
338.20175 -60.55936 -0.528 -1  0.549  0  1.077 -1 99.999  9
338.22230 -60.55054  0.465  0  0.059  0  0.523  0 -1.125 -1
338.26423 -60.57131 99.999  9  1.641 -1  1.184 -1 99.999  9
338.20284 -60.55136 -0.453 -1  0.472  0  0.925 -1 99.999  9
338.24877 -60.55938 -0.059  0  0.161  0  0.102  0  0.026 -1
338.21808 -60.53273 -0.378 -1  0.575  0  0.953 -1 99.999  9
338.21549 -60.56461 -0.086  0  0.658  0  0.573  0 -0.361 -1
338.23354 -60.53719  0.089  0 -0.047  0  0.042  0  0.131 -1
338.20209 -60.56030  0.217  0  0.461  0  0.678  0 -0.551 -1
338.24258 -60.55251 -0.608 -1  0.076  0  0.684 -1 99.999  9
338.22204 -60.52936 -1.225 -1  0.262  0  1.487 -1 99.999  9
338.27118 -60.56525 -0.275  0  0.215  0 -0.060  0  0.126 -1
338.19908 -60.53356 -0.338  0  1.066  0  0.729  0 -0.450  0
338.21977 -60.55819 -0.125 -1  0.888  0  1.013 -1 99.999  9
338.21018 -60.56863 99.999  9  1.485 -1  1.028 -1 99.999  9
338.26747 -60.55537 -1.081 -1 -0.095  0  0.987 -1 99.999  9
338.22281 -60.55477  0.255  0  0.227  0  0.482  0 -0.272 -1
338.22162 -60.54208  0.201  0 -0.103  0  0.098  0  0.701  0
338.26311 -60.56987  0.011  0  0.441  0  0.453  0 -0.254 -1
338.25330 -60.55233  0.442  0  0.216  0  0.659  0  0.459 -1
338.23519 -60.55849  0.810  0  2.463  0  3.273  0 -2.890 -1
338.21936 -60.56729  0.262  0  0.226  0  0.487  0 -0.313 -1
338.21431 -60.55040 -0.767 -1  0.204  0  0.972 -1 99.999  9
338.23235 -60.55422 99.999  9  0.403 -1 -0.054 -1 99.999  9
338.19371 -60.56543 -0.536 -1  0.441  0  0.977 -1 99.999  9
338.27354 -60.55359 -0.586 -1  0.404  0  0.990 -1 99.999  9
338.26625 -60.56061 -0.609 -1  0.426  0  1.035 -1 99.999  9
338.21386 -60.52994  0.353 -1  0.838  0  0.485 -1 99.999  9
338.20650 -60.56849 99.999  9  0.419 -1 -0.038 -1 99.999  9
338.20642 -60.55412  0.024 -1  0.213  0  0.189 -1 99.999  9
338.20370 -60.53655  1.042  0  0.765  0  1.807  0 -1.781 -1
338.27167 -60.56388 -0.077 -1  0.886  0  0.963 -1 99.999  9
338.19562 -60.55480  0.349  0 -0.033  0  0.316  0 -0.394 -1
338.20620 -60.56863 99.999  9  1.488 -1  1.031 -1 99.999  9
338.26568 -60.57045 -0.298 -1  0.548  0  0.846 -1 99.999  9
338.22707 -60.56667  0.111  0  0.191  0  0.302  0 -0.258 -1
338.21260 -60.54241 -0.654 -1  0.371  0  1.025 -1 99.999  9
338.21596 -60.55618 -0.086  0 -0.038  0 -0.124  0  0.219 -1
338.24943 -60.55177 99.999  9  1.289 -1  0.747 -1 99.999  9
338.21464 -60.52977  0.190  0  0.287  0  0.477  0 -0.229  0
338.22116 -60.55522 -0.446 -1  0.471  0  0.917 -1 99.999  9
338.22303 -60.56729  0.073  0 -0.151  0 -0.078  0  0.106 -1
338.23011 -60.54231 -0.223 -1  0.669  0  0.892 -1 99.999  9
338.22970 -60.53736 -0.131  0  0.189  0  0.057  0 -0.106 -1
338.24680 -60.55225 -1.051  1  1.382 -1  0.331  0 -0.236 -1
338.21069 -60.56477  0.709  0  0.865  0  1.574  0 -1.388 -1
338.23951 -60.55904  0.193  0 -0.161  0  0.032  0  0.102 -1
338.22440 -60.55655  0.108  0 -0.086  0  0.022  0  0.100 -1
338.20915 -60.53779  0.079 -1  0.700  0  0.621 -1 99.999  9
338.20215 -60.53227  0.048  0  0.406  0  0.453  0 -0.389 -1
338.22484 -60.57092  0.071  0 -0.304  0 -0.233  0  0.001 -1
338.23341 -60.52964  0.180  0  0.184  0  0.364  0  0.053 -1
338.25220 -60.56630 -0.077  0  0.222  0  0.145  0 -0.014 -1
338.23265 -60.55089 99.999  9  1.316 -1  0.859 -1 -1.683  1
338.26854 -60.57311 99.999  9  0.869 -1  0.412 -1 99.999  9
338.20889 -60.54153  0.428  0  0.078  0  0.506  0 -0.374 -1
338.22086 -60.56584 -0.017 -1  1.156  0  1.173 -1 99.999  9
338.19928 -60.54104  0.016  0 -0.027  0 -0.011  0  0.001 -1
338.22203 -60.54876 -0.112  0  0.301  0  0.189  0 -0.149 -1
338.22640 -60.54328  0.768  0  0.455  0  1.223  0 -1.082 -1
338.22784 -60.56447 -0.112  0  0.642  0  0.530  0 -0.275 -1
338.27118 -60.56781 -0.743 -1  0.322  0  1.065 -1 99.999  9
338.26587 -60.56417 99.999  9  1.475 -1  1.018 -1 99.999  9
338.19290 -60.55966  0.065  0  0.029  0  0.093  0 -0.148 -1
338.22883 -60.56888 99.999  9  1.414 -1  0.957 -1 99.999  9
338.23278 -60.55156 99.999  9  0.666 -1  0.209 -1 -1.195  1
338.23045 -60.52912 99.999  9 -0.155 -1 -0.126 -1 99.999  9
338.20974 -60.57029 -0.909 -1  0.012  0  0.921 -1  0.506  1
338.20838 -60.54164  0.070  0  0.378  0  0.449  0 -0.405 -1
338.21395 -60.56501 -0.359 -1  0.454  0  0.813 -1 99.999  9
338.27352 -60.55688 -0.164  0  0.312  0  0.148  0 -0.041 -1
338.20310 -60.53926 -0.283  0  0.796  0  0.514  0 -0.445 -1
338.20682 -60.56215 99.999  9  1.356 -1  0.899 -1 99.999  9
338.20101 -60.56969  0.447  0  0.201  0  0.648  0 -0.089 -1
338.20995 -60.54808 -0.493  0  0.306  0 -0.187  0  0.093 -1
338.22597 -60.54072 -0.027  0  0.319  0  0.292  0 -0.115 -1
338.24087 -60.56473  0.012  0  0.329  0  0.341  0 -0.272 -1
338.24184 -60.56643 -0.049  0 -0.197  0 -0.245  0  0.199 -1
338.20248 -60.53752 -0.707 -1  0.291  0  0.998 -1 99.999  9
338.21474 -60.53836 99.999  9  1.470 -1  1.013 -1 99.999  9
338.19357 -60.56853  0.288  0  0.636  0  0.924  0 -0.675  0
338.20510 -60.56680 -0.943 -1  0.396  0  1.339 -1 99.999  9
338.20204 -60.55719 -0.677 -1  0.287  0  0.964 -1 99.999  9
338.20282 -60.53285  0.261  0  0.001  0  0.262  0 -0.392 -1
338.25500 -60.56105 -0.269  0  0.352  0  0.083  0 -0.019 -1
338.22079 -60.54616 -0.133  0  0.763  0  0.629  0 -0.404 -1
338.19665 -60.55880 -0.326  0  0.634  0  0.308  0 -0.188 -1
338.23273 -60.55108 99.999  9  0.827 -1  0.370 -1 -1.315  1
338.27153 -60.55241 99.999  9 -1.850 -1 -2.307 -1 99.999  9
338.24068 -60.55580  0.166 -1  1.164  0  0.998 -1 99.999  9
338.26955 -60.55518 -0.255 -1  0.725  0  0.980 -1 99.999  9
338.27340 -60.55679 99.999  9  1.778  0 99.999  9 99.999 -1
338.24361 -60.55716 99.999  9  1.526 -1  1.069 -1 99.999  9
338.19392 -60.56122  0.058  0  0.158  0  0.216  0  0.734  0
338.23057 -60.56824  0.055  0  0.527  0  0.583  0 -1.355 -1
338.22536 -60.56479  0.647  0  0.183  0  0.830  0 -0.346 -1
338.20728 -60.53130  0.054 -1  0.972  0  0.918 -1 99.999  9
338.23248 -60.53347 -0.136  0  0.273  0  0.137  0 -0.190 -1
338.25832 -60.56466  0.338  0 -0.250  0  0.088  0 -0.025 -1
338.24910 -60.56583 -0.387 -1  0.569  0  0.957 -1 99.999  9
338.22179 -60.53865 -0.187 -1  0.654  0  0.841 -1 99.999  9
338.23282 -60.55118 99.999  9  0.827 -1  0.370 -1 -1.315  1
338.27278 -60.55248  0.050  1  0.736 -1  0.786  0 -1.337 -1
338.19481 -60.56664 99.999  9  1.413 -1  0.956 -1 99.999  9
338.22288 -60.56236 -0.661 -1  0.139  0  0.800 -1 99.999  9
338.24210 -60.55380 -0.968 -1 -0.103  0  0.865 -1 99.999  9
338.23004 -60.53268 99.999  9  1.070 -1  0.613 -1 99.999  9
338.22845 -60.54430 99.999  9  1.122 -1  0.665 -1 99.999  9
338.24582 -60.56920  0.141  0  0.541  0  0.682  0 -1.255 -1
338.25639 -60.55197 99.999  9  0.671 -1 -1.071 -1 99.999  9
338.22309 -60.54391 -0.135  0  0.279  0  0.144  0 -0.168 -1
338.21953 -60.53926 -0.319  0  0.016  0 -0.303  0  0.248 -1
338.24268 -60.55659 99.999  9  1.351 -1  0.894 -1 99.999  9
338.26535 -60.55237 99.999  9  1.006 -1  0.549 -1 99.999  9
338.23301 -60.55125  0.192  1  0.827 -1  1.019  0 -1.964  0
338.21396 -60.54938 -0.256  0  0.403  0  0.147  0 -0.486  0
338.22311 -60.52967 -0.710 -1  0.207  0  0.916 -1 99.999  9
338.23280 -60.55243 -0.538 -1 -0.042  0  0.496 -1 -2.312  1
338.24146 -60.57146 -0.133 -1  0.655  0  0.787 -1 -1.125  1
338.20193 -60.56006  0.295  0  0.447  0  0.742  0 -0.751 -1
338.25711 -60.56506 -0.290 -1  0.711  0  1.001 -1 99.999  9
338.21268 -60.55755 -0.144 -1  0.693  0  0.837 -1 99.999  9
338.25922 -60.56952 -0.305 -1  0.641  0  0.946 -1 99.999  9
338.20761 -60.53640 -0.594 -1  0.208  0  0.802 -1 99.999  9
338.20875 -60.54934  0.027  0  0.179  0  0.206  0 -0.210 -1
338.23116 -60.52968 -0.523  0  1.011  0  0.488  0 -0.329  0
338.24260 -60.56117 -0.564  0  0.758  0  0.194  0 -0.253 -1
338.22019 -60.52951 -0.626 -1  1.319  0  0.693 -1 99.999  9
338.25751 -60.55209  0.050 -1  0.990  0  0.940 -1 99.999  9
338.24059 -60.56180 -0.191  0  0.340  0  0.148  0 -0.192 -1
338.23432 -60.55238 -0.518  1  1.206 -1  0.688  0 -0.769 -1
338.24226 -60.56995 -0.276 -1  0.611  0  0.886 -1 99.999  9
338.20448 -60.53547 -0.517 -1  0.407  0  0.924 -1 99.999  9
338.26052 -60.57032  0.108  0  0.134  0  0.242  0 -0.392 -1
338.20128 -60.55507  0.161  0  0.268  0  0.429  0 -0.405 -1
338.22749 -60.55830 -0.154  0 -0.035  0 -0.189  0 -0.060 -1
338.26873 -60.56085  0.087  0  0.275  0  0.361  0 -0.603 -1
338.20192 -60.53191 -0.315  0  0.396  0  0.081  0 -0.050 -1
338.22914 -60.53598 -0.462  0  1.081  0  0.619  0 -0.600 -1
338.22739 -60.54329  0.081  0  0.124  0  0.205  0 -0.173 -1
338.22070 -60.56194 -0.508 -1  0.353  0  0.861 -1 99.999  9
338.22654 -60.53042  0.473  0  0.675  0  1.148  0  0.606  0
338.22021 -60.55987 99.999  9  1.417 -1  0.960 -1 99.999  9
338.20193 -60.53754  1.041  0  0.695  0  1.735  0 -2.240 -1
338.23948 -60.56373  0.003  0  0.334  0  0.338  0 -0.395 -1
338.26916 -60.57175 -0.242  0  0.005  0 -0.236  0  0.095 -1
338.23114 -60.55666 99.999  9  1.364 -1  0.907 -1 99.999  9
338.27079 -60.56794 -0.057 -1  0.574  0  0.630 -1 99.999  9
338.26772 -60.56053 -0.309  0  0.135  0 -0.174  0  0.180 -1
338.23783 -60.56111 -0.937 -1  0.089  0  1.026 -1 99.999  9
338.25265 -60.56998 -0.191 -1  0.665  0  0.856 -1 99.999  9
338.22082 -60.52989 -0.148  0  0.442  0  0.294  0 -0.633 -1
338.24082 -60.55500 -0.150 -1  0.695  0  0.846 -1 99.999  9
338.20619 -60.53178 -0.360 -1  0.518  0  0.878 -1 99.999  9
338.25852 -60.55497 -0.221 -1  0.487  0  0.708 -1 99.999  9
338.22504 -60.53828  0.139  0 -0.113  0  0.026  0 -0.028 -1
338.21057 -60.53804 99.999  9  0.236 -1 -0.221 -1 99.999  9
338.24684 -60.55967 -0.161 -1  0.653  0  0.814 -1 99.999  9
338.20603 -60.54173 -0.084  0  0.008  0 -0.076  0  0.090 -1
338.22476 -60.54286 -0.148 -1  0.613  0  0.761 -1 99.999  9
338.20015 -60.56669 -0.860 -1 -0.159  0  0.701 -1 99.999  9
338.21005 -60.56854 99.999  9  1.485 -1  1.028 -1 99.999  9
338.21895 -60.56105 -0.578 -1  0.272  0  0.850 -1 99.999  9
338.24915 -60.56506 -0.260 -1  0.514  0  0.774 -1 99.999  9
338.24777 -60.55985  0.001  0 -0.002  0 -0.001  0 -0.041 -1
338.27189 -60.55268 -1.023  0 -1.026  0 -2.050  0 -1.087 -1
338.22498 -60.55505  0.016  0  0.572  0  0.588  0 -0.595 -1
338.21930 -60.56740  0.126  0  0.364  0  0.490  0 -0.518 -1
338.22521 -60.54574 -0.073  0  0.397  0  0.324  0 -0.339 -1
338.22339 -60.52977  0.663 -1  0.322  0 -0.342 -1 99.999  9
338.22256 -60.53112 -0.312  0  0.272  0 -0.040  0  0.001 -1
338.21979 -60.54759 -0.873 -1 -0.055  0  0.817 -1 99.999  9
338.21029 -60.54613 -0.146 -1  0.641  0  0.787 -1 99.999  9
338.27267 -60.56117  0.088 -1  0.118  0  0.030 -1 99.999  9
338.21098 -60.55994 -0.292 -1  0.625  0  0.917 -1 99.999  9
338.21173 -60.56487 99.999  9  0.682 -1  0.225 -1 99.999  9
338.21750 -60.56025 99.999  9  1.349 -1  0.892 -1 99.999  9
338.25108 -60.57170 -0.042  0  0.347  0  0.306  0 -0.410 -1
338.19353 -60.56922 -0.353  0 -0.021  0 -0.373  0  0.134  0
338.23296 -60.56650  0.007  0  0.035  0  0.042  0 99.999 -1
338.25972 -60.56368  0.008 -1  0.871  0  0.878 -1 99.999  9
338.23257 -60.54688  0.185 -1  0.940  0  0.755 -1 99.999  9
338.25935 -60.55593 -0.573  0  0.771  0  0.197  0 -0.184 -1
338.21199 -60.56701 99.999  9  1.353 -1  0.896 -1 -0.625  1
338.22944 -60.54520 -0.115 -1  0.829  0  0.945 -1 99.999  9
338.21333 -60.53734 -0.200 -1  0.609  0  0.808 -1 99.999  9
338.20960 -60.53067 -0.337 -1  0.299  0  0.636 -1 99.999  9
338.20885 -60.52895 99.999  9  1.976 -1 99.999 -1 99.999  9
338.19768 -60.56123  0.425  0  0.163  0  0.588  0 -0.622 -1
338.23896 -60.55310  0.014  0 -0.293  0 -0.279  0  0.118 -1
338.22928 -60.56521  0.028  0  0.030  0  0.058  0 -0.025 -1
338.23089 -60.56128 -0.297  0  1.158  0  0.861  0 -0.874 -1
338.27020 -60.56969 -0.374  0  0.400  0  0.026  0 -0.179 -1
338.21375 -60.54779 -0.927 -1 -0.152  0  0.775 -1 99.999  9
338.24955 -60.56485 -0.342 -1  0.534  0  0.875 -1 99.999  9
338.22128 -60.55865 99.999  9  0.052 -1 -0.408 -1 99.999  9
338.21293 -60.53039  0.180 -1  0.739  0  0.559 -1 99.999  9
338.21373 -60.53819  0.062  0 -0.079  0 -0.017  0 -0.056 -1
338.19872 -60.53391 -0.121  0  0.526  0  0.405  0  0.069 -1
338.21874 -60.53308  0.811  0  0.153  0  0.963  0 -1.032 -1
338.21628 -60.55502  0.005  0 -0.268  0 -0.273  0  0.020 -1
338.22759 -60.56251  0.652  0 -0.127  0  0.524  0  0.683 -1
338.22866 -60.56522 -0.153  0 -0.035  0 -0.188  0 -0.365 -1
338.21570 -60.56739 -0.069  0  0.705  0  0.636  0 -0.554 -1
338.21240 -60.53442 -0.039  0 -0.035  0 -0.074  0 -0.060 -1
338.23251 -60.55391 99.999  9  0.986 -1  0.529 -1 99.999  9
338.20166 -60.53362 -0.112 -1  0.537  0  0.649 -1 99.999  9
338.20149 -60.52794 -0.622  1  0.734 -1  0.112  0 -0.620 -1
338.20703 -60.52936 -0.108 -1  0.651  0  0.760 -1 99.999  9
338.24378 -60.56691 99.999  9  1.244 -1  0.787 -1 99.999  9
338.24654 -60.56514  0.031  0  0.212  0  0.243  0 -0.506 -1
338.27199 -60.56214 99.999  9  1.097 -1  0.845 -1 99.999  9
338.24267 -60.55999 -0.331 -1  0.475  0  0.806 -1 99.999  9
338.25509 -60.55532 99.999  9  1.347 -1  0.891 -1 99.999  9
338.21928 -60.54623 99.999  9  0.910 -1  0.453 -1 99.999  9
338.20222 -60.52833 -1.090 -1 -0.252  0  0.838 -1 99.999  9
338.21750 -60.56696 99.999  9  1.325 -1  0.868 -1 99.999  9
338.19895 -60.56789  0.925 -1  1.460  0  0.535 -1 99.999  9
338.20735 -60.56013 -0.561 -1  0.174  0  0.735 -1 99.999  9
338.21381 -60.56207 -0.499  0  0.118  0 -0.382  0  0.115 -1
338.26733 -60.55314 99.999  9  0.697 -1  0.241 -1 99.999  9
338.24421 -60.56773  0.276  0  0.074  0  0.350  0 -0.445 -1
338.19818 -60.56684  0.306  0 -0.186  0  0.121  0 -0.292 -1
338.26154 -60.56268  0.647 -1  1.201  0  0.554 -1 99.999  9
338.21590 -60.53566  0.004  0  0.380  0  0.376  0 -1.263 -1
338.23073 -60.54783 -0.199  0  0.279  0  0.080  0 -0.211 -1
338.19592 -60.54401  0.176 -1  0.403  0  0.227 -1 99.999  9
338.19766 -60.54152 -0.597 -1  0.026  0  0.623 -1 99.999  9
338.21101 -60.54376 -1.622  0  2.439  0  0.817  0 -0.234  0
338.25883 -60.56779 -0.383  0  0.304  0 -0.080  0 -0.081 -1
338.21278 -60.56336 99.999  9  1.226 -1  0.769 -1 99.999  9
338.25595 -60.55263 -0.488  0  0.670  0  0.183  0  0.013 -1
338.26196 -60.56185 -0.372 -1  0.368  0  0.739 -1 99.999  9
338.21319 -60.56154 -0.499 -1  0.321  0  0.820 -1 99.999  9
338.27084 -60.55332 -0.106 -1  0.570  0  0.675 -1 99.999  9
338.21797 -60.53793 -0.056 -1  0.681  0  0.738 -1 99.999  9
338.22428 -60.56804 -0.284 -1  0.502  0  0.786 -1 99.999  9
338.25355 -60.56546 -0.501 -1  0.183  0  0.683 -1 99.999  9
338.25595 -60.56584  0.037 -1  0.718  0  0.681 -1 99.999  9
338.24433 -60.55645 -0.109  0 -0.219  0 -0.328  0  0.593  0
338.22767 -60.56599 -0.226 -1  0.385  0  0.611 -1 99.999  9
338.24799 -60.56715 -0.164  0  0.548  0  0.384  0 -0.538 -1
338.24161 -60.56175 -0.254 -1  0.668  0  0.922 -1 99.999  9
338.27372 -60.55318 -0.561  1  0.940 -1  0.379  0 -0.726 -1
338.23712 -60.57100 99.999  9  1.233 -1  0.776 -1 -1.691  1
338.25290 -60.57217 -0.246  0  0.694  0  0.448  0 -0.481 -1
338.20658 -60.52905 99.999  9  0.051 -1 -0.406 -1 -0.750  1
338.23670 -60.56345 -0.478 -1  0.172  0  0.649 -1 99.999  9
338.24445 -60.56162 -0.209  0  0.461  0  0.253  0 -0.328 -1
338.23364 -60.52960  0.180  0  0.184  0  0.364  0  0.053 -1
338.21075 -60.53135  0.196 -1  0.342  0  0.146 -1 99.999  9
338.22461 -60.53089 -0.508 -1  0.256  0  0.764 -1 99.999  9
338.21937 -60.56967 -0.910 -1  0.067  0  0.977 -1 99.999  9
338.20662 -60.55158 -0.414 -1  0.351  0  0.765 -1 99.999  9
338.23318 -60.55011 -0.868  0 -0.408  0 -1.276  0  0.435  0
338.20919 -60.55994  0.349  0  0.185  0  0.534  0 99.999  9
338.22702 -60.53536 -0.373 -1  0.402  0  0.775 -1 99.999  9
338.23915 -60.55621 -0.263 -1  0.602  0  0.865 -1 99.999  9
338.20396 -60.56328 -0.350 -1  0.253  0  0.603 -1 99.999  9
338.19982 -60.53323 99.999  9  1.025 -1  0.568 -1 99.999  9
338.24474 -60.56611  0.084 -1  0.717  0  0.633 -1 99.999  9
338.23249 -60.54420 99.999  9  0.795 -1  0.338 -1 99.999  9
338.20509 -60.53532  0.104  0  0.237  0  0.341  0 -0.547 -1
338.26733 -60.57133 -0.393  0  0.145  0 -0.247  0 -0.017 -1
338.20716 -60.55617 -0.162  0  0.059  0 -0.103  0 -0.103 -1
338.25262 -60.56698  0.725 -1  1.473  0  0.747 -1 99.999  9
338.21796 -60.56296 99.999  9  1.202 -1  0.745 -1 99.999  9
338.23318 -60.55097 99.999  9  1.474 -1  2.860 -1 -3.619  1
338.20362 -60.55038 -0.356 -1  0.388  0  0.744 -1 99.999  9
338.21318 -60.53663  0.211  0  0.109  0  0.320  0 -0.534 -1
338.24408 -60.56880 -0.096  0  0.390  0  0.294  0 -0.401 -1
338.25321 -60.56885  0.257  0 -0.097  0  0.160  0 -0.312 -1
338.20341 -60.56693 -0.393 -1  0.553  0  0.947 -1 99.999  9
338.24660 -60.55193 -0.206 -1  0.444  0  0.650 -1 99.999  9
338.22597 -60.53927 -0.054  0 -0.160  0 -0.214  0  0.071 -1
338.20189 -60.53727 -0.291  0  0.456  0  0.165  0 -0.623 -1
338.22932 -60.55385  0.271 -1  0.775  0  0.504 -1 99.999  9
338.22115 -60.53972  0.156  0  0.003  0  0.159  0 -0.436 -1
338.21487 -60.53495 -0.224 -1  0.413  0  0.637 -1 99.999  9
338.20138 -60.55881  0.982  0 -0.255  0  0.727  0 99.999  9
338.20990 -60.54599 -0.574 -1  0.134  0  0.708 -1 99.999  9
338.21083 -60.56437  0.011  0 -0.245  0 -0.233  0 -0.029 -1
338.25429 -60.56682  0.173  0  0.303  0  0.476  0 -0.612 -1
338.26546 -60.57246 99.999  9  1.131 -1  0.674 -1 99.999  9
338.22475 -60.56750  0.249  0 -0.103  0  0.146  0  0.485  0
338.21499 -60.54399 -0.164 -1  0.390  0  0.554 -1 99.999  9
338.23108 -60.53312 -0.052 -1  0.678  0  0.730 -1 99.999  9
338.22204 -60.53503 -0.267 -1  0.352  0  0.619 -1 99.999  9
338.24910 -60.55987 -0.278 -1  0.375  0  0.653 -1 99.999  9
338.26652 -60.57192 99.999  9  1.224 -1  0.767 -1 99.999  9
338.20792 -60.52934  0.182 -1  0.648  0  0.467 -1 99.999  9
338.21206 -60.57006  0.113  0 -0.183  0 -0.070  0 -0.242 -1
338.21167 -60.54834 -0.339 -1  0.472  0  0.811 -1 99.999  9
338.23266 -60.55265 99.999  9  0.875 -1  0.418 -1 -1.508  1
338.25422 -60.56357  0.000 -1  0.901  0  0.901 -1 99.999  9
338.24950 -60.57222 -0.502 -1  0.337  0  0.839 -1 99.999  9
338.21283 -60.54894  0.131  0  0.518  0  0.649  0 -0.942 -1
338.20379 -60.56299 -0.034 -1  0.576  0  0.610 -1 99.999  9
338.22268 -60.56741  0.018  0  0.153  0  0.171  0 -0.343 -1
338.20228 -60.52925 99.999  9  0.964 -1  0.507 -1 99.999  9
338.20554 -60.56415 -0.222  0  0.354  0  0.131  0 -0.315 -1
338.23218 -60.55461 99.999  9  0.403 -1 -0.054 -1 99.999  9
338.22650 -60.56127 -0.125  0  0.014  0 -0.111  0 -0.878 -1
338.21891 -60.55772 99.999  9  1.348 -1  0.891 -1 99.999  9
338.20311 -60.52981 -0.555  0  0.089  0 -0.466  0  0.212 -1
338.22250 -60.56003 -0.014  0  0.318  0  0.304  0 -0.547 -1
338.26540 -60.57031 -0.132 -1  0.683  0  0.815 -1 99.999  9
338.22494 -60.53215  0.069  0  0.147  0  0.216  0 -0.258 -1
338.20179 -60.56140 -0.284 -1  0.455  0  0.739 -1 99.999  9
338.21883 -60.53062 -0.509  0  0.368  0 -0.140  0 -0.079 -1
338.26144 -60.56563 -0.249 -1  0.506  0  0.755 -1 99.999  9
338.24379 -60.55259  0.257  0  0.396  0  0.653  0 -0.750 -1
338.22687 -60.56492 -0.417 -1  0.341  0  0.759 -1 99.999  9
338.25217 -60.56157 99.999  9  1.147 -1  0.690 -1 99.999  9
338.19905 -60.56849  0.401  0 -0.325  0  0.076  0 -0.567 -1
338.20879 -60.55096  0.240  0 -0.086  0  0.154  0 -0.553 -1
338.22022 -60.52912  0.235  0  0.168  0  0.403  0 -0.030 -1
338.21073 -60.53538 -0.068  0 -0.152  0 -0.220  0  2.632 -1
338.22382 -60.55901  0.287 -1  0.993  0  0.706 -1 99.999  9
338.19978 -60.54843 -0.078  0 -0.162  0 -0.240  0  0.065 -1
338.21008 -60.53487 -0.050 -1  0.752  0  0.802 -1 99.999  9
338.23680 -60.57130 99.999  9  1.060 -1  0.603 -1 99.999  9
338.22874 -60.53355 -0.329 -1  0.344  0  0.673 -1 99.999  9
338.20524 -60.56126  0.088  0  0.069  0  0.157  0 -0.349 -1
338.23267 -60.55162 99.999  9 -0.308 -1 -0.765 -1  0.263  1
338.23730 -60.56090 -0.743 -1 -0.111  0  0.632 -1 99.999  9
338.26924 -60.55841 -0.386  0 -0.226  0 -0.612  0  0.287 -1
338.22468 -60.52917 -1.027  1  1.344 -1  0.317  0 -0.260 -1
338.20491 -60.53922 -0.035 -1  0.818  0  0.853 -1 99.999  9
338.23147 -60.55909 99.999  9  1.420 -1  0.683 -1 99.999  9
338.24728 -60.55423 99.999  9  1.047 -1  0.590 -1 99.999  9
338.22695 -60.56167 -0.075  0  0.352  0  0.278  0 -0.475 -1
338.21061 -60.53141  0.228 -1  0.268  0  0.041 -1 99.999  9
338.21777 -60.55011 -0.201 -1  0.264  0  0.465 -1 99.999  9
338.19514 -60.55001  0.154 -1  0.552  0  0.398 -1 99.999  9
338.21329 -60.56460 99.999  9  6.295 -1  5.838 -1 99.999  9
338.21519 -60.56734 -0.272  0  0.249  0 -0.023  0 -0.223 -1
338.22096 -60.56641  0.002  0 -0.029  0 -0.027  0 -0.300 -1
338.23277 -60.53221 -0.136  0 -0.020  0 -0.156  0 -0.070 -1
338.24597 -60.56619 -0.064  0  0.141  0  0.077  0 -0.154 -1
338.22437 -60.53307  0.583  0  0.570  0  1.152  0  0.099  0
338.20205 -60.53949 -0.221 -1  0.417  0  0.638 -1 99.999  9
338.24496 -60.56278 99.999  9  2.873 -1  2.416 -1 99.999  9
338.27206 -60.56376 -0.301 -1  0.446  0  0.748 -1 99.999  9
338.20238 -60.56667 99.999  9  1.069 -1  0.612 -1 99.999  9
338.19676 -60.54148 -0.306 -1  0.139  0  0.444 -1 99.999  9
338.19761 -60.53399 -0.621 -1 -0.065  0  0.556 -1 99.999  9
338.20938 -60.53792  0.079 -1  0.700  0  0.621 -1 99.999  9
338.19742 -60.55541 99.999  9  1.199 -1  0.742 -1 99.999  9
338.19968 -60.56749 99.999  9 -2.053 -1 -2.510 -1 99.999  9
338.26844 -60.55817 -0.028  0  0.207  0  0.180  0  1.291 -1
338.25515 -60.55209 99.999  9  2.011 -1  0.591 -1 99.999  9
338.23320 -60.55081  0.511 -1  1.370  0  0.859 -1 -1.683  1
338.24270 -60.55721 -0.170 -1  0.414  0  0.584 -1 99.999  9
338.19365 -60.56811  0.866  0  0.574  0  1.440  0 -1.596 -1
338.22854 -60.54587 -0.141 -1  0.515  0  0.656 -1 99.999  9
338.23264 -60.56971 99.999  9  1.000 -1  0.543 -1 99.999  9
338.20705 -60.54561 99.999  9  0.980 -1  1.354 -1 99.999  9
338.22727 -60.54036  0.118 -1  0.692  0  0.574 -1 99.999  9
338.20667 -60.54670  0.258  0  0.050  0  0.308  0 -0.522 -1
338.19664 -60.54899 -0.244 -1  0.259  0  0.503 -1 99.999  9
338.22152 -60.52937  0.817 -1  0.611  0 -0.206 -1 99.999  9
338.20056 -60.52789 -1.069  1  0.874 -1 -0.195  0 -0.218 -1
338.20332 -60.56978 99.999  9  1.256 -1  0.799 -1 99.999  9
338.26718 -60.57207 -0.553 -1  0.038  0  0.590 -1 99.999  9
338.21024 -60.55636  0.947  0  0.599  0  1.546  0 -1.791 -1
338.25745 -60.56304 -0.359 -1  0.395  0  0.754 -1 99.999  9
338.21853 -60.56291 99.999  9  0.438 -1  0.791 -1 99.999  9
338.26117 -60.56954 -0.477 -1 -0.027  0  0.451 -1 99.999  9
338.20788 -60.54886 -0.387 -1  0.045  0  0.432 -1 99.999  9
338.24535 -60.57165 -0.207  0  0.234  0  0.028  0  0.129 -1
338.27150 -60.55335 -0.151  0  0.396  0  0.245  0 -0.112 -1
338.21317 -60.56729 99.999  9  0.600 -1  0.143 -1 99.999  9
338.20806 -60.56644 99.999  9  1.806 -1  0.694 -1 99.999  9
338.23098 -60.55254 -0.071 -1  0.433  0  0.504 -1 99.999  9
338.24443 -60.55715 -0.330 -1  0.297  0  0.627 -1 99.999  9
338.20864 -60.53928 99.999  9  1.005 -1  0.548 -1 99.999  9
338.24513 -60.55307 -0.126 -1  0.410  0  0.536 -1 99.999  9
338.20189 -60.56380 99.999  9  0.866 -1  0.409 -1 99.999  9
338.22695 -60.52902 99.999  9  1.102 -1  1.265 -1 -1.493  1
338.19967 -60.56696 -0.504 -1  0.177  0  0.681 -1 99.999  9
338.26948 -60.56231 -0.437 -1  0.181  0  0.618 -1 99.999  9
338.22486 -60.53002 99.999  9  0.548 -1  0.091 -1 99.999  9
338.24240 -60.56017  0.041  0  0.393  0  0.434  0 99.999  9
338.21751 -60.55947 99.999  9  0.624  0  4.643 -1 99.999  9
338.20116 -60.56374  0.263  0 -0.249  0  0.015  0 -0.356 -1
338.20085 -60.56877 -0.339 -1  0.197  0  0.537 -1 99.999  9
338.22266 -60.52983 99.999  9  0.488  0  1.255 -1 99.999  9
338.22206 -60.53581  0.062  0 -0.043  0  0.019  0 -0.450 -1
338.21584 -60.56964  0.027 -1  0.801  0  0.774 -1 99.999  9
338.26666 -60.57307 99.999  9 -0.362 -1 -0.819 -1 99.999  9
338.23120 -60.52977 -0.523  0  1.011  0  0.488  0 -0.329  0
338.19958 -60.54272 -0.209  0  0.271  0  0.063  0 -0.329 -1
338.22228 -60.56559 -0.422 -1 -0.075  0  0.347 -1 99.999  9
338.19971 -60.56527 99.999  9  1.381 -1  0.924 -1 99.999  9
338.21638 -60.53946 -0.389  0  0.551  0  0.162  0 -0.423 -1
338.21588 -60.54754 -0.188  0  0.297  0  0.109  0 -0.457  0
338.24379 -60.55986 99.999  9  1.162 -1  0.705 -1 99.999  9
338.23280 -60.55169 99.999  9 -0.162 -1 -0.619 -1 -0.830  1
338.21533 -60.55742 -0.051  0  0.220  0  0.170  0  0.232 -1
338.20975 -60.55613 -0.578 -1 -0.017  0  0.561 -1 99.999  9
338.26648 -60.55763 99.999  9  1.021 -1  0.564 -1 99.999  9
338.21774 -60.53084 -0.366 -1  0.283  0  0.649 -1 99.999  9
338.22889 -60.56523  0.103  0  0.052  0  0.154  0 -1.003 -1
338.25738 -60.56410 -0.363 -1  0.146  0  0.509 -1 99.999  9
338.19996 -60.53336 99.999  9  0.995 -1  0.538 -1 99.999  9
338.26566 -60.56683  0.036 -1  0.555  0  0.519 -1 99.999  9
338.22648 -60.53786 -0.240  0  0.775  0  0.535  0 -0.569  0
338.21813 -60.53038 99.999  9  0.865 -1  0.408 -1 99.999  9
338.21895 -60.56060 -0.189  0  0.661  0  0.472  0 -1.535 -1
338.22679 -60.53452 -0.180  0  0.387  0  0.207  0 -0.339 -1
338.20281 -60.54800 99.999  9 -0.284 -1 -0.741 -1 99.999  9
338.26382 -60.56755 -0.144 -1  0.468  0  0.613 -1 99.999  9
338.19699 -60.56798 -0.255 -1  0.280  0  0.535 -1 99.999  9
338.20060 -60.52964 99.999  9  0.079 -1 -0.378 -1 99.999  9
338.19699 -60.56777 -0.022 -1  0.546  0  0.568 -1 99.999  9
338.20881 -60.54573 -0.413 -1  0.104  0  0.517 -1 99.999  9
338.24439 -60.55916  0.632  0 -0.380  0  0.252  0  0.901  0
338.25030 -60.55755 -0.024 -1  0.516  0  0.540 -1 99.999  9
338.25403 -60.56882  0.231  0 -0.050  0  0.181  0 -0.463 -1
338.20797 -60.54292 -0.170 -1  0.244  0  0.414 -1 99.999  9
338.21442 -60.54358 99.999  9  6.095 -1  5.638 -1 99.999  9
338.21830 -60.53460 -0.179 -1  0.342  0  0.521 -1 99.999  9
338.21190 -60.56228  0.075 -1  0.704  0  0.629 -1 99.999  9
338.20995 -60.54826 99.999  9  0.737  0 99.999  9 99.999 -1
338.20676 -60.54391 -0.418 -1  0.128  0  0.546 -1 99.999  9
338.19666 -60.54446 -0.117  0 -0.244  0 -0.361  0 -0.026 -1
338.25110 -60.55929 -0.332  0  0.183  0 -0.149  0 -0.224 -1
338.27347 -60.55308 -0.561  1  0.940 -1  0.379  0 -0.726 -1
338.22706 -60.54218 99.999  9  0.996 -1  0.539 -1 99.999  9
338.19947 -60.55299 99.999  9  0.815 -1  0.358 -1 99.999  9
338.19916 -60.53612 -0.150 -1  0.410  0  0.560 -1 99.999  9
338.21161 -60.53511  0.084 -1  0.537  0  0.453 -1 99.999  9
338.21117 -60.53554  0.170  0 -0.020  0  0.150  0 -0.451 -1
338.22710 -60.55637 -0.573 -1 -0.313  0  0.260 -1 99.999  9
338.22171 -60.54523  0.697 -1  1.308  0  0.610 -1 99.999  9
338.23269 -60.56851 -0.035  0 -0.158  0 -0.193  0 -0.199 -1
338.22366 -60.56662  0.365  0 -0.070  0  0.295  0 -0.389 -1
338.24746 -60.55424 99.999  9  0.605 -1  0.149 -1 99.999  9
338.21312 -60.55723 -0.471 -1 -0.046  0  0.425 -1 99.999  9
338.24778 -60.56035 -0.059  0  0.324  0  0.264  0 -0.607 -1
338.27128 -60.55273 -0.287 -1  0.081  0  0.369 -1 99.999  9
338.25149 -60.55607 99.999  9 -0.248 -1 -0.611 -1 99.999  9
338.22417 -60.53952 -0.420 -1  0.062  0  0.482 -1 99.999  9
338.21664 -60.53314 -0.196  0  0.115  0 -0.081  0 -0.268 -1
338.26208 -60.56781 -0.527 -1 -0.204  0  0.323 -1 99.999  9
338.20377 -60.53635 -0.143  0 -0.190  0 -0.333  0 -0.155 -1
338.23921 -60.55603  0.311 -1  1.077  0  0.766 -1 99.999  9
338.22033 -60.55837 -0.169  0  0.082  0 -0.087  0 -0.239 -1
338.21799 -60.55424 99.999  9  1.110 -1  0.653 -1 99.999  9
338.20914 -60.52823 -0.999 -1  0.537  0  1.536 -1 99.999  9
338.20648 -60.52923 99.999  9  1.938 -1 99.999 -1 99.999  9
338.20193 -60.53734 -0.318  0  0.236  0 -0.082  0 -0.601 -1
338.20397 -60.56247 -0.131  0  0.278  0  0.147  0 -0.505 -1
338.26595 -60.56619  0.165 -1  0.566  0  0.401 -1 99.999  9
338.21637 -60.56068 99.999  9  1.029 -1  0.572 -1 99.999  9
338.19532 -60.55319  0.026  0 -0.040  0 -0.013  0 99.999 -1
338.22544 -60.56448 -0.449 -1 -0.013  0  0.436 -1 99.999  9
338.26226 -60.56887 -0.285  0  0.090  0 -0.195  0 -0.250 -1
338.20679 -60.54695  1.213  0  0.538  0  1.751  0 -2.070 -1
338.22207 -60.54133 -0.474 -1 -0.095  0  0.379 -1 99.999  9
338.19818 -60.55604 -0.281 -1  0.447  0  0.728 -1 99.999  9
338.20236 -60.53328 -0.085 -1 -0.287  0 -0.203 -1 99.999  9
338.21908 -60.54185 99.999  9  1.126 -1  0.669 -1 99.999  9
338.22250 -60.54382 -0.082 -1  0.388  0  0.470 -1 99.999  9
338.22225 -60.52986 -0.015  0  0.456  0  0.441  0  1.122 -1
338.24377 -60.56359 -0.049 -1  0.460  0  0.509 -1 99.999  9
338.24503 -60.56291 99.999  9  2.873 -1  2.416 -1 99.999  9
338.20377 -60.55441  0.226 -1  0.580  0  0.354 -1 99.999  9
338.20956 -60.54008 -0.147 -1  0.361  0  0.507 -1 99.999  9
338.22112 -60.52876 99.999  9  0.722 -1  0.265 -1 -0.584  1
338.21815 -60.56692 -0.051 -1  0.445  0  0.496 -1 99.999  9
338.23723 -60.56978 -0.681  0  0.725  0  0.044  0  0.079 -1
338.25190 -60.55268 -0.078 -1  0.663  0  0.741 -1 99.999  9
338.22750 -60.56528 99.999  9  1.235 -1  1.093 -1 99.999  9
338.22069 -60.56848 -0.316 -1  0.171  0  0.487 -1 99.999  9
338.23016 -60.55399 -0.350 -1  0.093  0  0.444 -1 99.999  9
338.23947 -60.56561 -0.325 -1  0.062  0  0.387 -1 99.999  9
338.21607 -60.52838  0.465  0 -0.322  0  0.143  0  0.359 -1
338.25126 -60.56231 99.999  9  1.521 -1  1.064 -1 99.999  9
338.24595 -60.55512 -0.300 -1  0.266  0  0.566 -1 99.999  9
338.19778 -60.56822 -0.082 -1  0.201  0  0.283 -1 99.999  9
338.26895 -60.56679 99.999  9  0.924 -1  0.467 -1 99.999  9
338.24235 -60.55529 99.999  9  0.930 -1  0.473 -1 99.999  9
338.20135 -60.53313 -0.774 -1 -0.166  0  0.608 -1 99.999  9
338.23135 -60.52910 99.999  9  1.307 -1  0.363 -1 99.999  9
338.19899 -60.55028 -0.170  0 -0.149  0 -0.319  0 -0.070 -1
338.21832 -60.52998 99.999  9  0.852 -1  0.395 -1 99.999  9
338.27094 -60.55711 -0.012  0 -0.092  0 -0.104  0 -0.882 -1
338.20443 -60.52848  3.248  0  0.550  0  3.797  0 -4.362 -1
